8.20e-2
7.95e-2
7.95e-2
7.70e-2
7.45e-2
7.25e-2
7.00e-2
6.80e-2
6.60e-2
6.45e-2
6.30e-2
6.20e-2
6.15e-2
6.00e-2
5.95e-2
5.75e-2
5.65e-2
5.65e-2
5.45e-2
5.48e-2
5.35e-2
5.25e-2
5.20e-2
5.15e-2
5.10e-2
5.10e-2
5.05e-2
5.00e-2
4.95e-2
4.90e-2
4.85e-2
4.80e-2
4.80e-2
4.80e-2
4.75e-2
4.70e-2
4.65e-2
4.60e-2
4.55e-2
4.55e-2
4.50e-2
4.45e-2
4.45e-2
4.40e-2
4.40e-2
4.35e-2
4.35e-2
4.38e-2
4.40e-2
4.35e-2
4.40e-2
4.35e-2
4.30e-2
4.35e-2
4.40e-2
4.40e-2
4.40e-2
4.40e-2
4.40e-2
4.50e-2
4.50e-2
4.50e-2
4.50e-2
4.45e-2
4.50e-2
4.60e-2
4.65e-2
4.70e-2
4.80e-2
4.80e-2
4.85e-2
4.90e-2
4.90e-2
5.00e-2
5.10e-2
5.10e-2
5.15e-2
5.15e-2
5.20e-2
5.30e-2
5.35e-2
5.40e-2
5.50e-2
5.50e-2
5.55e-2
5.65e-2
5.70e-2
5.70e-2
6.00e-2
6.10e-2
6.15e-2
6.15e-2
6.15e-2
6.15e-2
6.15e-2
6.10e-2
6.10e-2
6.05e-2
6.05e-2
5.95e-2
5.95e-2
6.00e-2
5.95e-2
6.15e-2
6.35e-2
6.40e-2
6.35e-2
6.30e-2
6.30e-2
6.15e-2
6.10e-2
5.95e-2
5.85e-2
5.70e-2
5.60e-2
5.55e-2
5.50e-2
5.45e-2
5.45e-2
5.30e-2
5.25e-2
5.20e-2
5.20e-2
5.20e-2
5.10e-2
5.10e-2
5.10e-2
5.05e-2
5.20e-2
5.15e-2
5.15e-2
5.10e-2
5.05e-2
5.00e-2
5.00e-2
5.00e-2
5.00e-2
4.90e-2
4.90e-2
4.85e-2
4.85e-2
4.85e-2
4.80e-2
4.80e-2
4.75e-2
4.70e-2
4.65e-2
4.60e-2
4.60e-2
4.50e-2
4.45e-2
4.40e-2
4.35e-2
4.30e-2
4.20e-2
4.25e-2
4.20e-2
4.15e-2
4.15e-2
4.05e-2
4.05e-2
4.00e-2
3.95e-2
3.95e-2
3.90e-2
3.90e-2
3.85e-2
3.75e-2
3.75e-2
3.75e-2
3.70e-2
3.70e-2
3.85e-2
3.90e-2
3.90e-2
3.90e-2
3.75e-2
3.75e-2
3.70e-2
3.75e-2
3.80e-2
3.80e-2
3.75e-2
3.70e-2
3.65e-2
3.65e-2
3.70e-2
3.65e-2
3.60e-2
3.55e-2
3.50e-2
3.45e-2
3.45e-2
3.40e-2
3.35e-2
3.30e-2
3.35e-2
3.25e-2
3.35e-2
3.35e-2
3.30e-2
3.25e-2
3.25e-2
3.25e-2
3.25e-2
3.25e-2
3.30e-2
3.10e-2
3.15e-2
3.05e-2
3.00e-2
3.90e-2
2.80e-2
2.65e-2
2.55e-2
2.50e-2
2.45e-2
2.35e-2
2.15e-2
2.00e-2
1.85e-2
1.60e-2
3.24e-4
3.53e-4
3.44e-4
2.77e-4
2.01e-4
1.50e-4
8.35e-5
6.69e-5
5.77e-5
5.21e-5
4.82e-5
4.56e-5
4.44e-5
4.47e-5
4.56e-5
4.61e-5
4.63e-5
5.04e-5
5.14e-5
5.34e-5
5.62e-5
6.06e-5
6.55e-5
6.53e-5
6.54e-5
6.59e-5
6.59e-5
6.62e-5
6.65e-5
6.71e-5
6.73e-5
6.78e-5
6.78e-5
6.78e-5
6.78e-5
6.72e-5
6.71e-5
6.65e-5
6.65e-5
6.59e-5
6.59e-5
6.53e-5
6.49e-5
6.47e-5
6.86e-5
6.41e-5
6.36e-5
6.35e-5
6.29e-5
6.25e-5
6.24e-5
6.18e-5
6.18e-5
6.12e-5
6.12e-5
6.07e-5
6.01e-5
5.99e-5
5.96e-5
5.90e-5
5.86e-5
5.85e-5
5.80e-5
5.77e-5
5.74e-5
5.69e-5
5.64e-5
5.60e-5
5.53e-5
5.73e-5
5.79e-5
5.79e-5
5.79e-5
5.78e-5
5.74e-5
5.70e-5
5.69e-5
5.65e-5
5.62e-5
5.68e-5
5.58e-5
5.53e-5
5.48e-5
5.43e-5
5.39e-5
5.38e-5
5.33e-5
5.28e-5
5.24e-5
5.22e-5
5.19e-5
5.14e-5
5.09e-5
5.05e-5
5.03e-5
4.98e-5
4.95e-5
4.91e-5
4.87e-5
4.82e-5
4.80e-5
4.77e-5
4.73e-5
4.72e-5
4.69e-5
4.65e-5
4.67e-5
4.57e-5
4.56e-5
4.51e-5
4.56e-5
4.48e-5
4.44e-5
4.40e-5
4.39e-5
4.36e-5
4.33e-5
4.31e-5
4.28e-5
4.26e-5
4.24e-5
4.20e-5
4.20e-5
4.16e-5
4.16e-5
4.12e-5
4.08e-5
4.12e-5
4.05e-5
4.04e-5
4.02e-5
4.03e-5
4.26e-5
3.94e-5
3.93e-5
3.90e-5
3.90e-5
3.88e-5
3.86e-5
3.88e-5
3.83e-5
3.79e-5
3.79e-5
3.76e-5
3.76e-5
3.72e-5
3.72e-5
3.69e-5
3.66e-5
3.66e-5
3.64e-5
3.62e-5
3.62e-5
3.59e-5
3.59e-5
3.56e-5
3.56e-5
3.52e-5
3.52e-5
3.50e-5
3.49e-5
3.57e-5
3.46e-5
3.44e-5
3.43e-5
3.40e-5
3.40e-5
3.37e-5
3.36e-5
3.33e-5
3.33e-5
3.30e-5
3.30e-5
3.28e-5
3.28e-5
3.25e-5
3.24e-5
3.21e-5
3.21e-5
3.19e-5
3.26e-5
3.16e-5
3.18e-5
3.13e-5
3.12e-5
3.10e-5
3.20e-5
3.08e-5
3.07e-5
3.06e-5
3.05e-5
3.04e-5
3.01e-5
3.01e-5
2.99e-5
2.99e-5
2.96e-5
2.96e-5
2.98e-5
2.96e-5
2.94e-5
2.93e-5
2.90e-5
2.89e-5
2.88e-5
2.87e-5
2.85e-5
2.85e-5
2.83e-5
2.82e-5
2.80e-5
2.80e-5
2.77e-5
2.77e-5
2.77e-5
2.77e-5
2.75e-5
2.75e-5
2.77e-5
2.71e-5
2.70e-5
2.70e-5
2.67e-5
2.67e-5
2.68e-5
2.70e-5
2.91e-5
2.69e-5
2.62e-5
2.60e-5
2.60e-5
2.58e-5
2.71e-5
2.58e-5
2.55e-5
2.55e-5
2.55e-5
2.56e-5
2.53e-5
2.51e-5
2.51e-5
2.52e-5
2.48e-5
2.48e-5
2.48e-5
2.46e-5
2.46e-5
2.46e-5
2.44e-5
2.44e-5
2.42e-5
2.42e-5
2.42e-5
2.40e-5
2.39e-5
2.37e-5
2.37e-5
2.37e-5
2.36e-5
2.35e-5
2.35e-5
2.33e-5
2.33e-5
2.33e-5
2.31e-5
2.31e-5
2.31e-5
2.30e-5
2.29e-5
2.29e-5
2.26e-5
2.26e-5
2.25e-5
2.24e-5
2.35e-5
2.22e-5
2.22e-5
2.22e-5
2.21e-5
2.20e-5
2.20e-5
2.20e-5
2.18e-5
2.18e-5
2.18e-5
2.20e-5
2.18e-5
2.16e-5
2.16e-5
2.18e-5
2.14e-5
2.14e-5
2.16e-5
2.14e-5
2.12e-5
2.12e-5
2.12e-5
2.11e-5
2.10e-5
2.10e-5
2.18e-5
2.08e-5
2.08e-5
2.08e-5
2.08e-5
2.08e-5
2.07e-5
2.07e-5
2.06e-5
2.05e-5
2.07e-5
2.05e-5
2.12e-5
2.03e-5
2.03e-5
2.03e-5
2.03e-5
2.04e-5
2.01e-5
2.03e-5
2.01e-5
2.01e-5
2.01e-5
2.00e-5
2.01e-5
1.99e-5
1.99e-5
1.99e-5
1.97e-5
1.97e-5
1.97e-5
1.97e-5
1.97e-5
1.97e-5
1.96e-5
