   0.00000000       735.000000    
   4.94999981       715.000000    
   9.89999962       705.000000    
   14.8500004       715.000000    
   19.7999992       735.000000    
   24.7499981       730.000000    
   29.7000008       740.000000    
   34.6500015       725.000000    
   39.5999985       635.000000    
   44.5499992       690.000000    
   49.4999962       575.000000    
   54.4500008       565.000000    
   59.4000015       540.000000    
   64.3499985       530.000000    
   69.3000031       410.000000    
   74.2500000       460.000000    
   79.1999969       470.000000    
   84.1500015       415.000000    
   89.0999985       225.000000    
   94.0499954       198.000000    
   98.9999924       156.000000    
   103.950005       190.000000    
   108.900002       145.000000    
   113.849998       148.000000    
   118.800003       225.000000    
   123.750000       97.5000000    
   128.699997       99.5000000    
   133.649994       90.0000000    
   138.600006       94.0000000    
   143.550003       75.0000000    
   148.500000       67.0000000    
   153.449997       60.5000000    
   158.399994       49.5999985    
   163.349991       44.5000000    
   168.300003       36.5000000    
   173.250000       31.5000000    
   178.199997       27.7999992    
   183.149994       25.5000000    
   188.099991       21.5000000    
   193.049988       19.0000000    
   197.999985       17.0000000    
   202.950012       15.0000000    
   207.900009       13.5000000    
   212.850006       12.0000000    
   217.800003       10.5000000    
   222.750000       9.44999981    
   227.699997       8.38000011    
   232.649994       7.44999981    
   237.600006       6.59999990    
   242.550003       5.34999990    
   247.500000       5.28000021    
   252.449997       4.59999990    
   257.399994       4.15000010    
   262.350006       3.70000005    
   267.299988       3.29999995    
   272.250000       2.90000010    
   277.200012       2.59999990    
   282.149994       2.29999995    
   287.100006       2.04999995    
   292.050018       1.85000002    
   297.000000       1.64999998    
   301.950012       1.45000005    
   306.899994       1.29999995    
   311.850006       1.14999998    
   316.799988       1.04999995    
   321.750000      0.954999983    
   326.699982      0.860000014    
   331.649994      0.779999971    
   336.600006      0.699999988    
   341.549988      0.629999995    
   346.500000      0.569999993    
   351.449982      0.515999973    
   356.399994      0.469999999    
   361.349976      0.419999987    
   366.299988      0.384999990    
   371.250000      0.349999994    
   376.199982      0.319999993    
   381.149994      0.294999987    
   386.099976      0.270000011    
   391.049988      0.245000005    
   395.999969      0.230000004    
   400.950012      0.219999999    
   405.900024      0.200000003    
   410.850006      0.189999998    
   415.800018      0.180000007    
   420.750000      0.165000007    
   425.700012      0.150000006    
   430.649994      0.144999996    
   435.600006      0.135000005    
   440.550018      0.125000000    
   445.500000      0.119999997    
   450.450012      0.115000002    
   455.399994      0.109999999    
   460.350006      0.104999997    
   465.299988      0.100000001    
   470.250000       9.70000029E-02
   475.200012       9.30000022E-02
   480.149994       9.00000036E-02
   485.100006       8.64999965E-02
   490.049988       8.34999979E-02
   495.000000       8.10000002E-02
   499.949982       7.90000036E-02
   504.899994       7.69999996E-02
   509.849976       7.54999965E-02
   514.799988       7.34999999E-02
   519.750000       7.10000023E-02
   524.700012       6.89999983E-02
   529.649963       6.75000027E-02
   534.599976       6.54999986E-02
   539.549988       4.39999998E-02
   544.500000       6.25000000E-02
   549.449951       6.19999990E-02
   554.400024       6.04999997E-02
   559.350037       5.95000014E-02
   564.299988       5.84999993E-02
   569.250000       5.75000010E-02
   574.200012       5.70000000E-02
   579.150024       5.49999997E-02
   584.100037       5.40000014E-02
   589.049988       5.29999994E-02
   594.000000       5.29999994E-02
   598.950012       5.20000011E-02
   603.900024       5.09999990E-02
   608.849976       5.09999990E-02
   613.799988       5.00000007E-02
   618.750000       5.00000007E-02
   623.700012       4.90000015E-25
   628.650024       4.89999987E-02
   633.599976       4.89999987E-02
   638.549988       4.80000004E-02
   643.500000       4.80000004E-02
   648.450012       4.80000004E-02
   653.399963       4.74999994E-02
   658.349976       4.65000011E-02
   663.299988       4.60000001E-02
   668.250000       4.54999991E-02
   673.200012       4.50000018E-02
   678.149963       4.50000018E-02
   683.099976       4.39999998E-02
   688.049988       4.34999987E-02
   693.000000       4.34999987E-02
   697.949951       4.30000015E-02
   702.899963       4.25000004E-02
   707.849976       4.30000015E-02
   712.799988       4.19999994E-02
   717.750000       4.19999994E-02
   722.699951       4.19999994E-02
   727.649963       4.14999984E-02
   732.599976       4.10000011E-02
   737.549988       4.05000001E-02
   742.500000       3.95000018E-02
   747.449951       3.95000018E-02
   752.399963       3.90000008E-02
   757.349976       3.90000008E-02
   762.299988       3.95000018E-02
   767.249939       3.79999988E-02
   772.199951       3.79999988E-02
   777.149963       3.84999998E-02
   782.099976       3.70000005E-02
   787.049988       3.70000005E-02
   791.999939       3.64999995E-02
   796.950012       3.70000005E-02
   801.900024       3.64999995E-02
   806.850037       3.64999995E-02
   811.800049       3.64999995E-02
   816.750000       3.64999995E-02
   821.700012       3.64999995E-02
   826.650024       3.55000012E-02
   831.600037       3.55000012E-02
   836.550049       3.55000012E-02
   841.500000       3.50000001E-02
   846.450012       3.50000001E-02
   851.400024       3.50000001E-02
   856.350037       3.44999991E-02
   861.299988       3.50000001E-02
   866.250000       3.50000001E-02
   871.200012       3.50000001E-02
   876.150024       3.40000018E-02
   881.100037       3.40000018E-02
   886.049988       3.44999991E-02
   891.000000       3.40000018E-02
   895.950012       3.40000018E-02
   900.900024       3.40000018E-02
   905.849976       3.35000008E-02
   910.799988       3.35000008E-02
   915.750000       3.29999998E-02
   920.700012       3.35000008E-02
   925.650024       3.35000008E-02
   930.599976       3.20000015E-02
   935.549988       3.20000015E-02
   940.500000       3.20000015E-02
   945.450012       3.20000015E-02
   950.400024       3.15000005E-02
   955.349976       3.20000015E-02
   960.299988       3.20000015E-02
   965.250000       3.20000015E-02
   970.200012       3.15000005E-02
   975.149963       3.20000015E-02
   980.099976       3.15000005E-02
   985.049988       3.09999995E-02
   990.000000       3.05000003E-02
   994.950012       3.05000003E-02
   999.899963       3.15000005E-02
   1004.84998       3.05000003E-02
   1009.79999       3.05000003E-02
   1014.75000       3.05000003E-02
   1019.69995       3.05000003E-02
   1024.65002       2.99999993E-02
   1029.59998       2.99999993E-02
   1034.54993       2.89999992E-02
   1039.50000       2.95000002E-02
   1044.44995       2.89999992E-02
   1049.40002       2.95000002E-02
   1054.34998       2.89999992E-02
   1059.29993       2.89999992E-02
   1064.25000       2.89999992E-02
   1069.19995       2.85000000E-02
   1074.15002       2.89999992E-02
   1079.09998       2.85000000E-02
   1084.04993       2.85000000E-02
   1089.00000       2.85000000E-02
   1093.94995       2.80000009E-02
   1098.89990       2.80000009E-02
   1103.84998       2.80000009E-02
   1108.80005       2.80000009E-02
   1113.75000       2.74999999E-02
   1118.70007       2.70000007E-02
   1123.65002       2.74999999E-02
   1128.59998       2.70000007E-02
   1133.55005       2.70000007E-02
   1138.50000       2.70000007E-02
   1143.45007       2.70000007E-02
   1148.40002       2.70000007E-02
   1153.34998       2.70000007E-02
   1158.30005       2.70000007E-02
   1163.25000       2.64999997E-02
   1168.20007       2.64999997E-02
   1173.15002       2.64999997E-02
   1178.09998       2.64999997E-02
   1183.05005       2.64999997E-02
   1188.00000       2.64999997E-02
   1192.94995       2.60000005E-02
   1197.90002       2.60000005E-02
   1202.84998       2.60000005E-02
   1207.80005       2.60000005E-02
   1212.75000       2.54999995E-02
   1217.69995       2.54999995E-02
   1222.65002       2.54999995E-02
   1227.59998       2.54999995E-02
   1232.55005       2.54999995E-02
   1237.50000       2.54999995E-02
   1242.44995       2.54999995E-02
   1247.40002       2.50000004E-02
   1252.34998       2.50000004E-02
   1257.30005       2.50000004E-02
   1262.25000       2.44999994E-02
   1267.19995       2.44999994E-02
   1272.15002       2.44999994E-02
   1277.09998       2.44999994E-02
   1282.05005       2.40000002E-02
   1287.00000       2.40000002E-02
   1291.94995       2.40000002E-02
   1296.90002       2.34999992E-02
   1301.84998       2.40000002E-02
   1306.79993       2.34999992E-02
   1311.75000       2.34999992E-02
   1316.69995       2.34999992E-02
   1321.65002       2.34999992E-02
   1326.59998       2.34999992E-02
   1331.54993       2.34999992E-02
   1336.50000       2.34999992E-02
   1341.44995       2.34999992E-02
   1346.40002       2.34999992E-02
   1351.34998       2.34999992E-02
   1356.29993       2.34999992E-02
   1361.25000       2.34999992E-02
   1366.19995       2.34999992E-02
   1371.15002       2.30000000E-02
   1376.09998       2.30000000E-02
   1381.04993       2.34999992E-02
   1386.00000       2.34999992E-02
   1390.94995       2.30000000E-02
   1395.89990       2.30000000E-02
   1400.84998       2.30000000E-02
   1405.79993       2.30000000E-02
   1410.75000       2.30000000E-02
   1415.69995       2.25000009E-02
   1420.64990       2.25000009E-02
   1425.59998       2.25000009E-02
   1430.54993       2.25000009E-02
   1435.50000       2.25000009E-02
   1440.44995       2.25000009E-02
   1445.39990       2.25000009E-02
   1450.34998       2.25000009E-02
   1455.29993       2.25000009E-02
   1460.25000       2.25000009E-02
   1465.19995       2.25000009E-02
   1470.14990       2.25000009E-02
   1475.09998       2.25000009E-02
   1480.04993       2.30000000E-02
   1485.00000       2.25000009E-02
   1489.94995       2.25000009E-02
   1494.89990       2.25000009E-02
   1499.84998       2.25000009E-02
   1504.79993       2.25000009E-02
   1509.74988       2.25000009E-02
   1514.69995       2.25000009E-02
   1519.64990       2.25000009E-02
   1524.59998       2.25000009E-02
   1529.54993       2.25000009E-02
   1534.49988       2.25000009E-02
   1539.44995       2.19999999E-02
   1544.39990       2.30000000E-02
   1549.34998       2.25000009E-02
   1554.29993       2.25000009E-02
   1559.24988       2.25000009E-02
   1564.19995       2.30000000E-02
   1569.14990       2.25000009E-02
   1574.09998       2.25000009E-02
   1579.04993       2.25000009E-02
   1583.99988       2.30000000E-02
   1588.95007       2.30000000E-02
   1593.90002       2.25000009E-02
   1598.85010       2.25000009E-02
   1603.80005       2.30000000E-02
   1608.75000       2.25000009E-02
   1613.70007       2.25000009E-02
   1618.65002       2.30000000E-02
   1623.60010       2.34999992E-02
   1628.55005       2.34999992E-02
   1633.50000       2.25000009E-02
   1638.45007       2.30000000E-02
   1643.40002       2.40000002E-02
   1648.35010       2.44999994E-02
   1653.30005       2.44999994E-02
   1658.25000       2.44999994E-02
   1663.20007       2.40000002E-02
   1668.15002       2.44999994E-02
   1673.10010       2.50000004E-02
   1678.05005       2.60000005E-02
   1683.00000       2.60000005E-02
   1687.95007       2.64999997E-02
   1692.90002       2.60000005E-02
   1697.85010       2.70000007E-02
   1702.80005       2.70000007E-02
   1707.75000       2.70000007E-02
   1712.70007       2.74999999E-02
   1717.65002       2.74999999E-02
   1722.59998       2.74999999E-02
   1727.55005       2.74999999E-02
   1732.50000       2.74999999E-02
   1737.45007       2.74999999E-02
   1742.40002       2.74999999E-02
   1747.34998       2.74999999E-02
   1752.30005       2.80000009E-02
   1757.25000       2.74999999E-02
   1762.20007       2.74999999E-02
   1767.15002       2.74999999E-02
   1772.09998       2.74999999E-02
   1777.05005       2.74999999E-02
   1782.00000       2.74999999E-02
   1786.95007       2.74999999E-02
   1791.90002       2.70000007E-02
   1796.84998       2.70000007E-02
   1801.80005       2.70000007E-02
   1806.75000       2.70000007E-02
   1811.69995       2.64999997E-02
   1816.65002       2.64999997E-02
   1821.59998       2.64999997E-02
   1826.55005       2.64999997E-02
   1831.50000       2.60000005E-02
   1836.44995       2.60000005E-02
   1841.40002       2.54999995E-02
   1846.34998       2.54999995E-02
   1851.30005       2.54999995E-02
   1856.25000       2.50000004E-02
   1861.19995       2.54999995E-02
   1866.15002       2.50000004E-02
   1871.09998       2.50000004E-02
   1876.05005       2.50000004E-02
   1881.00000       2.54999995E-02
   1885.94995       2.50000004E-02
   1890.90002       2.50000004E-02
   1895.84998       2.50000004E-02
   1900.80005       2.50000004E-02
   1905.75000       2.50000004E-02
   1910.69995       2.44999994E-02
   1915.65002       2.50000004E-02
   1920.59998       2.44999994E-02
   1925.54993       2.44999994E-02
   1930.50000       2.50000004E-02
   1935.44995       2.44999994E-02
   1940.40002       2.40000002E-02
   1945.34998       2.50000004E-02
   1950.29993       2.44999994E-02
   1955.25000       2.44999994E-02
   1960.19995       2.44999994E-02
   1965.15002       2.44999994E-02
   1970.09998       2.40000002E-02
   1975.04993       2.44999994E-02
   1980.00000       2.44999994E-02
   1984.94995       2.44999994E-02
   1989.90002       2.40000002E-02
   1994.84998       2.44999994E-02
   1999.79993       2.44999994E-02
   2004.75000       2.44999994E-02
   2009.69995       2.40000002E-02
   2014.64990       2.40000002E-02
   2019.59998       2.40000002E-02
   2024.54993       2.40000002E-02
   2029.50000       2.40000002E-02
   2034.44995       2.40000002E-02
   2039.39990       2.34999992E-02
   2044.34998       2.40000002E-02
   2049.30005       2.40000002E-02
   2054.25000       2.40000002E-02
   2059.19995       2.40000002E-02
   2064.14990       2.40000002E-02
   2069.09985       2.40000002E-02
   2074.05005       2.40000002E-02
   2079.00000       2.40000002E-02
   2083.94995       2.40000002E-02
   2088.89990       2.40000002E-02
   2093.84985       2.40000002E-02
   2098.80005       2.40000002E-02
   2103.75000       2.40000002E-02
   2108.69995       2.34999992E-02
   2113.64990       2.40000002E-02
   2118.59985       2.40000002E-02
   2123.55005       2.40000002E-02
   2128.50000       2.34999992E-02
   2133.44995       2.40000002E-02
   2138.39990       2.40000002E-02
   2143.34985       2.40000002E-02
   2148.30005       2.40000002E-02
   2153.25000       2.40000002E-02
   2158.19995       2.34999992E-02
   2163.14990       2.40000002E-02
   2168.09985       2.34999992E-02
   2173.04980       2.40000002E-02
   2178.00000       2.34999992E-02
   2182.94995       2.40000002E-02
   2187.89990       2.40000002E-02
   2192.84985       2.34999992E-02
   2197.79980       2.34999992E-02
   2202.75000       2.34999992E-02
   2207.69995       2.40000002E-02
   2212.64990       2.44999994E-02
   2217.60010       2.40000002E-02
   2222.55005       2.44999994E-02
   2227.50000       2.40000002E-02
   2232.44995       2.40000002E-02
   2237.40015       2.40000002E-02
   2242.35010       2.40000002E-02
   2247.30005       2.40000002E-02
   2252.25000       2.34999992E-02
   2257.19995       2.34999992E-02
   2262.15015       2.34999992E-02
   2267.10010       2.34999992E-02
   2272.05005       2.34999992E-02
   2277.00000       2.34999992E-02
   2281.94995       2.34999992E-02
   2286.90015       2.34999992E-02
   2291.85010       2.40000002E-02
   2296.80005       2.34999992E-02
   2301.75000       2.34999992E-02
   2306.69995       2.30000000E-02
   2311.65015       2.34999992E-02
   2316.60010       2.30000000E-02
   2321.55005       2.25000009E-02
   2326.50000       2.25000009E-02
   2331.44995       2.19999999E-02
   2336.40015       2.15000007E-02
   2341.35010       2.15000007E-02
   2346.30005       2.09999997E-02
   2351.25000       2.05000006E-02
   2356.19995       2.00000000    
   2361.15015       1.95000004E-02
   2366.10010       1.89999994E-02
   2371.05005       1.85000002E-02
   2376.00000       1.79999992E-02
   2380.94995       1.70000009E-02
   2385.89990       1.64999999E-02
   2390.85010       1.60000008E-02
   2395.80005       2.53000006E-04
   2400.74976       2.80000007E-04
   2405.69995       2.11000006E-04
   2410.64990       2.37999993E-04
   2415.60010       2.32999999E-04
   2420.54980       2.13000007E-04
   2425.50000       2.11000006E-04
   2430.44995       1.82999996E-04
   2435.39990       1.74000001E-04
   2440.34985       1.59999996E-04
   2445.30005       1.49000000E-04
   2450.24976       1.34999995E-04
   2455.19995       1.27000007E-04
   2460.14990       1.10000001E-04
   2465.10010       9.43999985E-05
   2470.04980       7.65000004E-05
   2475.00000       6.39999998E-05
   2479.94995       5.10999998E-05
   2484.89990       4.33999994E-05
   2489.84985       6.14000019E-05
   2494.80005       4.31000008E-05
   2499.74976       2.06999994E-05
   2504.69995       1.99000006E-05
   2509.64990       1.97000008E-05
   2514.60010       1.87000005E-05
   2519.54980       1.82000003E-05
   2524.50000       1.89000002E-05
   2529.44995       2.09000009E-05
   2534.39990       2.09999998E-05
   2539.35010       2.04999997E-05
   2544.30005       2.04999997E-05
   2549.25024       2.03000000E-05
   2554.19995       2.04000007E-05
   2559.15015       2.01000003E-05
   2564.10010       2.01000003E-05
   2569.05005       1.97000008E-05
   2574.00000       1.94999993E-05
   2578.95020       1.92999996E-05
   2583.89990       1.92999996E-05
   2588.85010       1.94000004E-05
   2593.80005       1.94000004E-05
   2598.75000       1.94999993E-05
   2603.69995       1.94000004E-05
   2608.65015       1.94999993E-05
   2613.59985       1.94999993E-05
   2618.55005       1.97000008E-05
   2623.50000       1.97000008E-05
   2628.45020       1.97000008E-05
   2633.39990       1.97000008E-05
   2638.35010       1.99000006E-05
   2643.30005       1.99000006E-05
   2648.25000       1.99000006E-05
   2653.19995       2.01999992E-05
   2658.15015       2.01000003E-05
   2663.09985       2.04000007E-05
   2668.05005       2.09000009E-05
   2673.00000       2.11000006E-05
   2677.95020       2.13000003E-05
   2682.89990       2.16000008E-05
   2687.85010       2.16999997E-05
   2692.80005       2.18000005E-05
   2697.75000       2.20000002E-05
   2702.69995       2.20999991E-05
   2707.65015       2.21999999E-05
   2712.59985       2.21999999E-05
   2717.55005       2.21999999E-05
   2722.50000       2.23999996E-05
   2727.45020       2.23000006E-05
   2732.39990       2.23999996E-05
   2737.35010       2.25999993E-05
   2742.30005       2.23999996E-05
   2747.25000       2.25999993E-05
   2752.19995       2.23999996E-05
