Entrada 1	     	Entrada 2	     	Entrada 3	     	Entrada 4	     	Coincidencias
        0	     	        0	     	    16311	     	     1260	     	        0
        0	     	        0	     	    16412	     	     1304	     	        1
        0	     	        0	     	    16154	     	     1270	     	        3
        0	     	        0	     	    16272	     	     1321	     	        2
        0	     	        0	     	    16335	     	     1309	     	        4
        0	     	        0	     	    16346	     	     1353	     	        1
        0	     	        0	     	    16398	     	     1218	     	        1
        0	     	        0	     	    16510	     	     1348	     	        1
        0	     	        0	     	    16564	     	     1344	     	        0
        0	     	        0	     	    16234	     	     1270	     	        0
        0	     	        0	     	    16023	     	     1303	     	        1
        0	     	        0	     	    16462	     	     1294	     	        1
        0	     	        0	     	    16108	     	     1298	     	        1
        0	     	        0	     	    16303	     	     1311	     	        0
        0	     	        0	     	    16333	     	     1300	     	        2
        0	     	        0	     	    16340	     	     1308	     	        1
        0	     	        0	     	    16371	     	     1241	     	        3
        0	     	        0	     	    16287	     	     1330	     	        2
        0	     	        0	     	    16188	     	     1272	     	        1
        0	     	        0	     	    16094	     	     1205	     	        0
        0	     	        0	     	    16162	     	     1262	     	        2
        0	     	        0	     	    16112	     	     1237	     	        1
        0	     	        0	     	    16263	     	     1302	     	        1
        0	     	        0	     	    16243	     	     1267	     	        2
        0	     	        0	     	    16513	     	     1322	     	        1
        0	     	        0	     	    16451	     	     1260	     	        0
        0	     	        0	     	    16214	     	     1246	     	        1
        0	     	        0	     	    16298	     	     1334	     	        0
        0	     	        0	     	    15971	     	     1267	     	        0
        0	     	        0	     	    16139	     	     1229	     	        1
        0	     	        0	     	    16352	     	     1305	     	        0
        0	     	        0	     	    16105	     	     1295	     	        1
        0	     	        0	     	    16282	     	     1305	     	        2
        0	     	        0	     	    16066	     	     1306	     	        0
        0	     	        0	     	    16198	     	     1255	     	        3
        0	     	        0	     	    16339	     	     1260	     	        2
        0	     	        0	     	    16452	     	     1271	     	        2
        0	     	        0	     	    16393	     	     1206	     	        2
        0	     	        0	     	    16385	     	     1282	     	        1
        0	     	        0	     	    16689	     	     2145	     	        6
        0	     	        0	     	    31103	     	    29223	     	      131
        0	     	        0	     	    16430	     	     1621	     	        1
        0	     	        0	     	    16226	     	     1436	     	        0
        0	     	        0	     	    16401	     	     1488	     	        0
        0	     	        0	     	    16516	     	     1444	     	        3
        0	     	        0	     	    16319	     	     1385	     	        1
        0	     	        0	     	    16626	     	     1391	     	        0
        0	     	        0	     	    16307	     	     1453	     	        1
        0	     	        0	     	    16297	     	     1469	     	        1
        0	     	        0	     	    16299	     	     1431	     	        2
        0	     	        0	     	    16365	     	     1369	     	        3
        0	     	        0	     	    16297	     	     1463	     	        1
        0	     	        0	     	    16219	     	     1525	     	        2
        0	     	        0	     	    16540	     	     1516	     	        2
        0	     	        0	     	    16690	     	     2054	     	        3
        0	     	        0	     	    16381	     	     1575	     	        0
        0	     	        0	     	    16657	     	     2254	     	        2
        0	     	        0	     	    18204	     	     5771	     	        6
        0	     	        0	     	    16960	     	     2406	     	        3
        0	     	        0	     	    16687	     	     2103	     	        1
        0	     	        0	     	    16367	     	     1570	     	        1
        0	     	        0	     	    16267	     	     1361	     	        1
        0	     	        0	     	    16295	     	     1320	     	        2
        0	     	        0	     	    16332	     	     1350	     	        0
        0	     	        0	     	    16512	     	     1423	     	        1
        0	     	        0	     	    16276	     	     1574	     	        0
        0	     	        0	     	    16886	     	     2361	     	        2
        0	     	        0	     	    16594	     	     1609	     	        1
        0	     	        0	     	    16401	     	     1569	     	        2
        0	     	        0	     	    16459	     	     1535	     	        0
        0	     	        0	     	    16634	     	     2031	     	        7
        0	     	        0	     	    17302	     	     2689	     	        2
        0	     	        0	     	    16572	     	     2008	     	        2
        0	     	        0	     	    16622	     	     1870	     	        2
        0	     	        0	     	    16689	     	     2101	     	        2
        0	     	        0	     	    16423	     	     1678	     	        3
        0	     	        0	     	    16515	     	     1735	     	        2
        0	     	        0	     	    15150	     	     1888	     	        0
        0	     	        0	     	    16502	     	     1579	     	        1
        0	     	        0	     	    16164	     	     1631	     	        3
        0	     	        0	     	    16655	     	     1726	     	        1
        0	     	        0	     	    16363	     	     1752	     	        1
        0	     	        0	     	    18174	     	     5274	     	        3
        0	     	        0	     	    21249	     	    15870	     	       29
        0	     	        0	     	    18636	     	     6656	     	        5
        0	     	        0	     	    16548	     	     2118	     	        3
        0	     	        0	     	    16357	     	     1633	     	        2
        0	     	        0	     	    16501	     	     1755	     	        1
        0	     	        0	     	    16536	     	     1812	     	        4
        0	     	        0	     	    16473	     	     1631	     	        3
        0	     	        0	     	    16477	     	     1641	     	        2
        0	     	        0	     	    16659	     	     1685	     	        0
        0	     	        0	     	    16453	     	     1655	     	        2
        0	     	        0	     	    16558	     	     1624	     	        1
        0	     	        0	     	    16554	     	     1860	     	        1
        0	     	        0	     	    16650	     	     1725	     	        2
        0	     	        0	     	    16583	     	     1605	     	        0
        0	     	        0	     	    16649	     	     1631	     	        1
        0	     	        0	     	    16656	     	     1757	     	        6
        0	     	        0	     	    16335	     	     1686	     	        3
        0	     	        0	     	     9261	     	     1472	     	        1
        0	     	        0	     	    15776	     	     1781	     	        1
        0	     	        0	     	    15794	     	     1712	     	        2
        0	     	        0	     	    15648	     	     1733	     	        0
        0	     	        0	     	    15672	     	     1767	     	        1
        0	     	        0	     	    15422	     	     1598	     	        0
        0	     	        0	     	    15465	     	     1452	     	        1
        0	     	        0	     	    15500	     	     1506	     	        0
        0	     	        0	     	    15398	     	     1519	     	        2
        0	     	        0	     	    15628	     	     1544	     	        1
        0	     	        0	     	    15579	     	     1557	     	        3
        0	     	        0	     	    15455	     	     1536	     	        1
        0	     	        0	     	    15580	     	     1546	     	        0
        0	     	        0	     	    15504	     	     1585	     	        3
        0	     	        0	     	    15520	     	     1602	     	        0
        0	     	        0	     	    15807	     	     1588	     	        1
        0	     	        0	     	    15588	     	     1485	     	        0
        0	     	        0	     	    15351	     	     1471	     	        3
        0	     	        0	     	    15567	     	     2404	     	        1
        0	     	        0	     	    15427	     	     2529	     	        3
        0	     	        0	     	    15517	     	     2464	     	        2
        0	     	        0	     	    15806	     	     2457	     	        1
        0	     	        0	     	    15621	     	     1547	     	        0
        0	     	        0	     	    15454	     	     1350	     	        2
        0	     	        0	     	    15760	     	     1292	     	        5
        0	     	        0	     	    15499	     	     1422	     	        0
        0	     	        0	     	    15510	     	     1357	     	        2
        0	     	        0	     	    29623	     	     1275	     	        3
        0	     	        0	     	    33496	     	     1692	     	        2
        0	     	        0	     	    41368	     	     2498	     	        8
        0	     	        0	     	    41488	     	     2429	     	        6
        0	     	        0	     	    41284	     	     2549	     	        5
        0	     	        0	     	    41377	     	     2449	     	        7
        0	     	        0	     	    41464	     	     2500	     	        6
        0	     	        0	     	    41576	     	     2467	     	        7
        0	     	        0	     	    41627	     	     2352	     	        2
        0	     	        0	     	    41309	     	     2408	     	        4
        0	     	        0	     	    41401	     	     2551	     	        4
        0	     	        0	     	    41799	     	     2538	     	        3
        0	     	        0	     	    41413	     	     2445	     	        5
        0	     	        0	     	    41492	     	     2462	     	        7
        0	     	        0	     	    41493	     	     2423	     	        9
        0	     	        0	     	    41226	     	     2479	     	        8
        0	     	        0	     	    41632	     	     2492	     	        3
        0	     	        0	     	    40975	     	     2473	     	        4
        0	     	        0	     	    41490	     	     2440	     	        6
        0	     	        0	     	    41308	     	     2442	     	        8
        0	     	        0	     	    41264	     	     2542	     	        8
        0	     	        0	     	    41487	     	     2550	     	        7
        0	     	        0	     	    41332	     	     2514	     	        6
        0	     	        0	     	    41051	     	     2551	     	        3
        0	     	        0	     	    41199	     	     2436	     	        6
        0	     	        0	     	    41260	     	     2502	     	        6
        0	     	        0	     	    41353	     	     2518	     	        5
        0	     	        0	     	    41154	     	     2529	     	        9
        0	     	        0	     	    41305	     	     2470	     	        5
        0	     	        0	     	    41596	     	     2470	     	        7
        0	     	        0	     	    41277	     	     2520	     	        5
        0	     	        0	     	    41435	     	     2480	     	        8
        0	     	        0	     	    41290	     	     2590	     	        6
        0	     	        0	     	    41735	     	     2967	     	        3
        0	     	        0	     	    42377	     	     4797	     	        9
        0	     	        0	     	    45460	     	    13278	     	    25318
        0	     	        0	     	    21723	     	    53699	     	    36604
        0	     	        0	     	    20739	     	    61810	     	    48082
        0	     	        0	     	    18714	     	    38832	     	     6971
        0	     	        0	     	    57911	     	    18385	     	      249
        0	     	        0	     	    49215	     	    11286	     	     3509
        0	     	        0	     	     7806	     	    46646	     	     3236
        0	     	        0	     	    31273	     	     2483	     	      737
        0	     	        0	     	    41407	     	    29635	     	     1205
        0	     	        0	     	    41127	     	    37327	     	     1298
        0	     	        0	     	    21039	     	    11870	     	      968
        0	     	        0	     	    41672	     	     3518	     	        6
        0	     	        0	     	    41349	     	     2638	     	        1
        0	     	        0	     	    41687	     	     2726	     	        9
        0	     	        0	     	    41493	     	     2621	     	        4
        0	     	        0	     	    41382	     	     2654	     	        7
        0	     	        0	     	    41693	     	     2644	     	       11
        0	     	        0	     	     6054	     	     2662	     	        0
        0	     	        0	     	      840	     	     2555	     	        0
        0	     	        0	     	      982	     	     2498	     	        1
        0	     	        0	     	      731	     	     2701	     	        0
        0	     	        0	     	      731	     	     2687	     	        0
        0	     	        0	     	     1161	     	     2589	     	        0
        0	     	        0	     	    40228	     	     2651	     	        9
        0	     	        0	     	    41492	     	     2577	     	        8
        0	     	        0	     	    41427	     	     2636	     	        7
        0	     	        0	     	    41814	     	     2572	     	        7
        0	     	        0	     	    18615	     	     2520	     	        1
        0	     	        0	     	     1143	     	     2576	     	        0
        0	     	        0	     	     1162	     	     2486	     	        0
        0	     	        0	     	     1139	     	     2594	     	        0
        0	     	        0	     	    19497	     	     2613	     	        0
        0	     	        0	     	    41861	     	     2608	     	        3
        0	     	        0	     	    41610	     	     2589	     	        1
        0	     	        0	     	    41434	     	     2579	     	        8
        0	     	        0	     	    41636	     	     2552	     	        5
        0	     	        0	     	    41499	     	     2603	     	        7
        0	     	        0	     	    41582	     	     2553	     	        4
        0	     	        0	     	    41301	     	     2456	     	        5
        0	     	        0	     	    41531	     	     2456	     	        3
        0	     	        0	     	    41454	     	     2412	     	        7
        0	     	        0	     	    41275	     	     2419	     	        4
        0	     	        0	     	    41415	     	     2463	     	        6
        0	     	        0	     	    41151	     	     2425	     	        6
        0	     	        0	     	    41132	     	     2413	     	        9
        0	     	        0	     	    40884	     	     2434	     	        2
        0	     	        0	     	    41058	     	     2434	     	        5
        0	     	        0	     	    41506	     	     2366	     	        4
        0	     	        0	     	    41179	     	     2491	     	        3
        0	     	        0	     	    40926	     	     2452	     	        1
        0	     	        0	     	    41338	     	     2468	     	        3
        0	     	        0	     	    41517	     	     2367	     	        9
        0	     	        0	     	    41208	     	     1933	     	        2
        0	     	        0	     	    41394	     	     1835	     	        6
        0	     	        0	     	    41129	     	     1777	     	        4
        0	     	        0	     	    41362	     	     1777	     	        4
        0	     	        0	     	    41151	     	     1574	     	        3
        0	     	        0	     	    41477	     	     1594	     	        4
        0	     	        0	     	    40948	     	     1767	     	        0
        0	     	        0	     	    41623	     	     2013	     	        5
        0	     	        0	     	    40842	     	     2330	     	        4
        0	     	        0	     	    41727	     	     2544	     	        5
        0	     	        0	     	    41509	     	     2873	     	        7
        0	     	        0	     	    41450	     	     2998	     	        7
        0	     	        0	     	    41333	     	     3166	     	        4
        0	     	        0	     	    41281	     	     3393	     	       11
        0	     	        0	     	    41412	     	     3805	     	        8
        0	     	        0	     	    41019	     	     4056	     	       11
        0	     	        0	     	    41409	     	     4191	     	        9
        0	     	        0	     	    40954	     	     4591	     	       12
        0	     	        0	     	    41331	     	     4768	     	        8
        0	     	        0	     	    41115	     	     5740	     	       23
        0	     	        0	     	    41067	     	     5946	     	       18
        0	     	        0	     	    41127	     	     6571	     	       19
        0	     	        0	     	    41160	     	     6751	     	       16
        0	     	        0	     	    41546	     	     7378	     	       15
        0	     	        0	     	    41268	     	     8052	     	       30
        0	     	        0	     	    41566	     	     9311	     	       24
        0	     	        0	     	    41262	     	     9427	     	       19
        0	     	        0	     	    41655	     	    10677	     	       28
        0	     	        0	     	    41341	     	    11050	     	       31
        0	     	        0	     	    40906	     	    11395	     	       19
        0	     	        0	     	    41611	     	    12554	     	       29
        0	     	        0	     	    41078	     	    13476	     	       37
        0	     	        0	     	    41186	     	    14372	     	       41
        0	     	        0	     	    41744	     	    14992	     	       31
        0	     	        0	     	    41595	     	    15931	     	       34
        0	     	        0	     	    41369	     	    16469	     	       38
        0	     	        0	     	    41593	     	    17037	     	       43
        0	     	        0	     	    41940	     	    18267	     	       44
        0	     	        0	     	    41366	     	    18613	     	       47
        0	     	        0	     	    41561	     	    19876	     	       46
        0	     	        0	     	    41584	     	    19927	     	       50
        0	     	        0	     	    41189	     	    20394	     	       45
        0	     	        0	     	    41058	     	    21545	     	       49
        0	     	        0	     	    41070	     	    22076	     	       65
        0	     	        0	     	    41606	     	    23390	     	       62
        0	     	        0	     	    41651	     	    24598	     	       68
        0	     	        0	     	    41699	     	    25363	     	       74
        0	     	        0	     	    41558	     	    26459	     	       82
        0	     	        0	     	    41479	     	    27674	     	       81
        0	     	        0	     	    41056	     	    28652	     	       87
        0	     	        0	     	    41752	     	    28961	     	       92
        0	     	        0	     	    41567	     	    30319	     	       96
        0	     	        0	     	    41683	     	    30210	     	       95
        0	     	        0	     	    41403	     	    30303	     	       97
        0	     	        0	     	    41664	     	    31226	     	      110
        0	     	        0	     	    41502	     	    31132	     	      104
        0	     	        0	     	    41347	     	    31851	     	      122
        0	     	        0	     	    41367	     	    32275	     	      148
        0	     	        0	     	    41657	     	    32195	     	      117
        0	     	        0	     	    41228	     	    33239	     	      144
        0	     	        0	     	    41446	     	    33281	     	      157
        0	     	        0	     	    41101	     	    34141	     	      156
        0	     	        0	     	    41477	     	    34837	     	      181
        0	     	        0	     	    41363	     	    35935	     	      194
        0	     	        0	     	    41339	     	    36449	     	      194
        0	     	        0	     	    41715	     	    37173	     	      246
        0	     	        0	     	    41226	     	    37591	     	      255
        0	     	        0	     	    41355	     	    38709	     	      306
        0	     	        0	     	    41254	     	    39815	     	      381
        0	     	        0	     	    41652	     	    40330	     	      444
        0	     	        0	     	    41362	     	    41406	     	      551
        0	     	        0	     	    41635	     	    42423	     	      628
        0	     	        0	     	    41630	     	    43140	     	      886
        0	     	        0	     	    41444	     	    43723	     	      943
        0	     	        0	     	    41299	     	    43430	     	      978
        0	     	        0	     	    41665	     	    43864	     	      989
        0	     	        0	     	    41429	     	    43864	     	      932
        0	     	        0	     	    41641	     	    43544	     	      951
        0	     	        0	     	    41541	     	    44233	     	      997
        0	     	        0	     	    41606	     	    43763	     	      933
        0	     	        0	     	    41375	     	    43759	     	      979
        0	     	        0	     	    41537	     	    43610	     	      931
        0	     	        0	     	    41145	     	    43837	     	      949
        0	     	        0	     	    41265	     	    43972	     	      919
        0	     	        0	     	    41741	     	    43694	     	      985
        0	     	        0	     	    41826	     	    43747	     	      958
Entrada 1	     	Entrada 2	     	Entrada 3	     	Entrada 4	     	Coincidencias
        0	     	        0	     	    41401	     	    45162	     	     1346
        0	     	        0	     	    41261	     	    45012	     	     1384
        0	     	        0	     	    41470	     	    45484	     	     1401
        0	     	        0	     	    41262	     	    45202	     	     1395
        0	     	        0	     	    40928	     	    45507	     	     1485
        0	     	        0	     	    41114	     	    45737	     	     1473
        0	     	        0	     	    41264	     	    45908	     	     1675
        0	     	        0	     	    41371	     	    46964	     	     1841
        0	     	        0	     	    41154	     	    46704	     	     1966
        0	     	        0	     	    41236	     	    46804	     	     2130
        0	     	        0	     	    41373	     	    47678	     	     2479
        0	     	        0	     	    41131	     	    47730	     	     2591
        0	     	        0	     	    41181	     	    47827	     	     2800
        0	     	        0	     	    41437	     	    48662	     	     3107
        0	     	        0	     	    41510	     	    48579	     	     3257
        0	     	        0	     	    41088	     	    48583	     	     3140
        0	     	        0	     	    41224	     	    48417	     	     3153
        0	     	        0	     	    41170	     	    48809	     	     3197
        0	     	        0	     	    41186	     	    48547	     	     3141
        0	     	        0	     	    41681	     	    48471	     	     3263
        0	     	        0	     	    40856	     	    48158	     	     3144
        0	     	        0	     	    41094	     	    48180	     	     3169
        0	     	        0	     	    41442	     	    48636	     	     3347
        0	     	        0	     	    41545	     	    48569	     	     3266
        0	     	        0	     	    41200	     	    49410	     	     3636
        0	     	        0	     	    41440	     	    48888	     	     3604
        0	     	        0	     	    41359	     	    48948	     	     4054
        0	     	        0	     	    41667	     	    49226	     	     4091
        0	     	        0	     	    41592	     	    49606	     	     4545
        0	     	        0	     	    41506	     	    50114	     	     4590
        0	     	        0	     	    41382	     	    50186	     	     5133
        0	     	        0	     	    41839	     	    49898	     	     5403
        0	     	        0	     	    41225	     	    50772	     	     5735
        0	     	        0	     	    41659	     	    50817	     	     5894
        0	     	        0	     	    41462	     	    50756	     	     5970
        0	     	        0	     	    41486	     	    50750	     	     6193
        0	     	        0	     	    41347	     	    50750	     	     6184
        0	     	        0	     	    41352	     	    50960	     	     6404
        0	     	        0	     	    41247	     	    50620	     	     6868
        0	     	        0	     	    41241	     	    50909	     	     6775
        0	     	        0	     	    41327	     	    51076	     	     7143
        0	     	        0	     	    41118	     	    50893	     	     7205
        0	     	        0	     	    41449	     	    51083	     	     7192
        0	     	        0	     	    41292	     	    50864	     	     7371
        0	     	        0	     	    41383	     	    50701	     	     7461
        0	     	        0	     	    41250	     	    50878	     	     7403
        0	     	        0	     	    41180	     	    50631	     	     7445
        0	     	        0	     	    41746	     	    51183	     	     7624
        0	     	        0	     	    41345	     	    50020	     	     7520
        0	     	        0	     	    41327	     	    50653	     	     7473
        0	     	        0	     	    41478	     	    50378	     	     7363
        0	     	        0	     	    41234	     	    49894	     	     7244
        0	     	        0	     	    41556	     	    49789	     	     6988
        0	     	        0	     	    41030	     	    49394	     	     6609
        0	     	        0	     	    40962	     	    48925	     	     6167
        0	     	        0	     	    40798	     	    48817	     	     6214
        0	     	        0	     	    41531	     	    49690	     	     6631
        0	     	        0	     	    41966	     	    50458	     	     7309
        0	     	        0	     	    41509	     	    51014	     	     7197
        0	     	        0	     	    41571	     	    50330	     	     7271
        0	     	        0	     	    41437	     	    51036	     	     7374
        0	     	        0	     	    41403	     	    50819	     	     7417
        0	     	        0	     	    41386	     	    51186	     	     7543
        0	     	        0	     	    41452	     	    50938	     	     7533
        0	     	        0	     	    41131	     	    50649	     	     7406
        0	     	        0	     	    41123	     	    50615	     	     7362
        0	     	        0	     	    41187	     	    51122	     	     7512
        0	     	        0	     	    41491	     	    51128	     	     7389
        0	     	        0	     	    41432	     	    51039	     	     7456
        0	     	        0	     	    41471	     	    50957	     	     7555
        0	     	        0	     	    41118	     	    51167	     	     7520
        0	     	        0	     	    41652	     	    51366	     	     7400
        0	     	        0	     	    41804	     	    51083	     	     7614
        0	     	        0	     	    41847	     	    50669	     	     7389
        0	     	        0	     	    41360	     	    51223	     	     7521
        0	     	        0	     	    41345	     	    51211	     	     7591
        0	     	        0	     	    41308	     	    51045	     	     7443
        0	     	        0	     	    41645	     	    50779	     	     7590
        0	     	        0	     	    41510	     	    51392	     	     7448
        0	     	        0	     	    41380	     	    50546	     	     7553
        0	     	        0	     	    41457	     	    51228	     	     7623
        0	     	        0	     	    41476	     	    51189	     	     7531
        0	     	        0	     	    41549	     	    51050	     	     7412
        0	     	        0	     	    41296	     	    50815	     	     7489
        0	     	        0	     	    41038	     	    51011	     	     7351
        0	     	        0	     	    41310	     	    50756	     	     7426
        0	     	        0	     	    41147	     	    51146	     	     7544
        0	     	        0	     	    41336	     	    51062	     	     7389
        0	     	        0	     	    41513	     	    50889	     	     7435
        0	     	        0	     	    41482	     	    50709	     	     7475
        0	     	        0	     	    41288	     	    50900	     	     7392
        0	     	        0	     	    42072	     	    51820	     	     7723
        0	     	        0	     	    41307	     	    51174	     	     7539
        0	     	        0	     	    41665	     	    50500	     	     7480
        0	     	        0	     	    41328	     	    50999	     	     7471
        0	     	        0	     	    41094	     	    50489	     	     7286
        0	     	        0	     	    41065	     	    50505	     	     7517
        0	     	        0	     	    41623	     	    50764	     	     7501
        0	     	        0	     	    41422	     	    50684	     	     7530
        0	     	        0	     	    41490	     	    50880	     	     7438
        0	     	        0	     	    41327	     	    51204	     	     7555
        0	     	        0	     	    41424	     	    51086	     	     7619
        0	     	        0	     	    41354	     	    50952	     	     7453
        0	     	        0	     	    41815	     	    51036	     	     7516
        0	     	        0	     	    41198	     	    50854	     	     7637
        0	     	        0	     	    41454	     	    51023	     	     7429
        0	     	        0	     	    41716	     	    51203	     	     7596
        0	     	        0	     	    41566	     	    50787	     	     7446
        0	     	        0	     	    41337	     	    50833	     	     7348
        0	     	        0	     	    41260	     	    51001	     	     7518
        0	     	        0	     	    41734	     	    50683	     	     7466
        0	     	        0	     	    41487	     	    50502	     	     7432
        0	     	        0	     	    40830	     	    50804	     	     7313
        0	     	        0	     	    41519	     	    50951	     	     7432
        0	     	        0	     	    41022	     	    50891	     	     7401
        0	     	        0	     	    60474	     	    62941	     	    40056
        0	     	        0	     	    31993	     	    50720	     	    31648
        0	     	        0	     	        0	     	        0	     	        0
        0	     	        0	     	        0	     	        0	     	        0
        0	     	        0	     	        0	     	        0	     	        0
        0	     	        0	     	        0	     	        0	     	        0
        0	     	        0	     	        0	     	        0	     	        0
        0	     	        0	     	        0	     	        0	     	        0
        0	     	        0	     	        0	     	        0	     	        0
        0	     	        0	     	        0	     	        0	     	        0
        0	     	        0	     	        0	     	        0	     	        0
        0	     	        0	     	        0	     	        0	     	        0
        0	     	        0	     	        0	     	        0	     	        0
        0	     	        0	     	        0	     	        0	     	        0
        0	     	        0	     	        0	     	        0	     	        0
        0	     	        0	     	        0	     	        0	     	        0
        0	     	        0	     	        0	     	        0	     	        0
        0	     	        0	     	        0	     	        0	     	        0
        0	     	        0	     	        0	     	        0	     	        0
        0	     	        0	     	        0	     	        0	     	        0
        0	     	        0	     	        0	     	        0	     	        0
        0	     	        0	     	        0	     	        0	     	        0
        0	     	        0	     	        0	     	        0	     	        0
        0	     	        0	     	        0	     	        0	     	        0
        0	     	        0	     	        0	     	        0	     	        0
        0	     	        0	     	        0	     	        0	     	        0
        0	     	        0	     	        0	     	        0	     	        0
        0	     	        0	     	        0	     	        0	     	        0
        0	     	        0	     	        0	     	        0	     	        0
        0	     	        0	     	        0	     	        0	     	        0
        0	     	        0	     	        0	     	        0	     	        0
        0	     	        0	     	        0	     	        0	     	        0
        0	     	        0	     	        0	     	        0	     	        0
        0	     	        0	     	        0	     	        0	     	        0
        0	     	        0	     	        0	     	        0	     	        0
        0	     	        0	     	        0	     	        0	     	        0
        0	     	        0	     	        0	     	        0	     	        0
        0	     	        0	     	        0	     	        0	     	        0
        0	     	        0	     	        0	     	        0	     	        0
        0	     	        0	     	        0	     	        0	     	        0
        0	     	        0	     	        0	     	        0	     	        0
        0	     	        0	     	        0	     	        0	     	        0
        0	     	        0	     	        0	     	        0	     	        0
        0	     	        0	     	        0	     	        0	     	        0
        0	     	        0	     	        0	     	        0	     	        0
        0	     	        0	     	        0	     	        0	     	        0
        0	     	        0	     	        0	     	        0	     	        0
        0	     	        0	     	        0	     	        0	     	        0
        0	     	        0	     	        0	     	        0	     	        0
        0	     	        0	     	        0	     	        0	     	        0
        0	     	        0	     	        0	     	        0	     	        0
        0	     	        0	     	        0	     	        0	     	        0
        0	     	        0	     	        0	     	        0	     	        0
        0	     	        0	     	        0	     	        0	     	        0
        0	     	        0	     	        0	     	        0	     	        0
        0	     	        0	     	        0	     	        0	     	        0
        0	     	        0	     	        0	     	        0	     	        0
        0	     	        0	     	        0	     	        0	     	        0
        0	     	        0	     	        0	     	        0	     	        0
        0	     	        0	     	        0	     	        0	     	        0
        0	     	        0	     	        0	     	        0	     	        0
        0	     	        0	     	        0	     	        0	     	        0
        0	     	        0	     	        0	     	        0	     	        0
        0	     	        0	     	        0	     	        0	     	        0
        0	     	        0	     	        0	     	        0	     	        0
        0	     	        0	     	        0	     	        0	     	        0
        0	     	        0	     	        0	     	        0	     	        0
        0	     	        0	     	        0	     	        0	     	        0
        0	     	        0	     	        0	     	        0	     	        0
        0	     	        0	     	        0	     	        0	     	        0
        0	     	        0	     	        0	     	        0	     	        0
        0	     	        0	     	        0	     	        0	     	        0
        0	     	        0	     	        0	     	        0	     	        0
        0	     	        0	     	        0	     	        0	     	        0
        0	     	        0	     	        0	     	        0	     	        0
        0	     	        0	     	        0	     	        0	     	        0
        0	     	        0	     	        0	     	        0	     	        0
        0	     	        0	     	        0	     	        0	     	        0
        0	     	        0	     	        0	     	        0	     	        0
        0	     	        0	     	        0	     	        0	     	        0
        0	     	        0	     	        0	     	        0	     	        0
        0	     	        0	     	        0	     	        0	     	        0
        0	     	        0	     	        0	     	        0	     	        0
        0	     	        0	     	        0	     	        0	     	        0
        0	     	        0	     	        0	     	        0	     	        0
        0	     	        0	     	        0	     	        0	     	        0
        0	     	        0	     	        0	     	        0	     	        0
        0	     	        0	     	        0	     	        0	     	        0
        0	     	        0	     	        0	     	        0	     	        0
        0	     	        0	     	        0	     	        0	     	        0
        0	     	        0	     	        0	     	        0	     	        0
        0	     	        0	     	        0	     	        0	     	        0
        0	     	        0	     	        0	     	        0	     	        0
        0	     	        0	     	        0	     	        0	     	        0
        0	     	        0	     	        0	     	        0	     	        0
        0	     	        0	     	        0	     	        0	     	        0
        0	     	        0	     	        0	     	        0	     	        0
        0	     	        0	     	        0	     	        0	     	        0
        0	     	        0	     	        0	     	        0	     	        0
        0	     	        0	     	        0	     	        0	     	        0
        0	     	        0	     	        0	     	        0	     	        0
        0	     	        0	     	        0	     	        0	     	        0
        0	     	        0	     	        0	     	        0	     	        0
        0	     	        0	     	        0	     	        0	     	        0
        0	     	        0	     	        0	     	        0	     	        0
        0	     	        0	     	        0	     	        0	     	        0
        0	     	        0	     	        0	     	        0	     	        0
        0	     	        0	     	        0	     	        0	     	        0
        0	     	        0	     	        0	     	        0	     	        0
        0	     	        0	     	        0	     	        0	     	        0
        0	     	        0	     	        0	     	        0	     	        0
        0	     	        0	     	        0	     	        0	     	        0
        0	     	        0	     	        0	     	        0	     	        0
        0	     	        0	     	        0	     	        0	     	        0
        0	     	        0	     	        0	     	        0	     	        0
        0	     	        0	     	        0	     	        0	     	        0
        0	     	        0	     	        0	     	        0	     	        0
        0	     	        0	     	        0	     	        0	     	        0
        0	     	        0	     	        0	     	        0	     	        0
        0	     	        0	     	        0	     	        0	     	        0
        0	     	        0	     	        0	     	        0	     	        0
        0	     	        0	     	        0	     	        0	     	        0
        0	     	        0	     	        0	     	        0	     	        0
        0	     	        0	     	        0	     	        0	     	        0
        0	     	        0	     	        0	     	        0	     	        0
        0	     	        0	     	        0	     	        0	     	        0
        0	     	        0	     	        0	     	        0	     	        0
        0	     	        0	     	        0	     	        0	     	        0
        0	     	        0	     	        0	     	        0	     	        0
        0	     	        0	     	        0	     	        0	     	        0
        0	     	        0	     	        0	     	        0	     	        0
        0	     	        0	     	        0	     	        0	     	        0
        0	     	        0	     	        0	     	        0	     	        0
        0	     	        0	     	        0	     	        0	     	        0
        0	     	        0	     	        0	     	        0	     	        0
        0	     	        0	     	        0	     	        0	     	        0
        0	     	        0	     	        0	     	        0	     	        0
        0	     	        0	     	        0	     	        0	     	        0
        0	     	        0	     	        0	     	        0	     	        0
        0	     	        0	     	        0	     	        0	     	        0
        0	     	        0	     	        0	     	        0	     	        0
        0	     	        0	     	        0	     	        0	     	        0
        0	     	        0	     	        0	     	        0	     	        0
        0	     	        0	     	        0	     	        0	     	        0
        0	     	        0	     	        0	     	        0	     	        0
        0	     	        0	     	        0	     	        0	     	        0
        0	     	        0	     	        0	     	        0	     	        0
        0	     	        0	     	        0	     	        0	     	        0
        0	     	        0	     	        0	     	        0	     	        0
        0	     	        0	     	        0	     	        0	     	        0
        0	     	        0	     	        0	     	        0	     	        0
        0	     	        0	     	        0	     	        0	     	        0
        0	     	        0	     	        0	     	        0	     	        0
        0	     	        0	     	        0	     	        0	     	        0
        0	     	        0	     	        0	     	        0	     	        0
        0	     	        0	     	        0	     	        0	     	        0
        0	     	        0	     	        0	     	        0	     	        0
        0	     	        0	     	        0	     	        0	     	        0
        0	     	        0	     	        0	     	        0	     	        0
        0	     	        0	     	        0	     	        0	     	        0
        0	     	        0	     	        0	     	        0	     	        0
        0	     	        0	     	        0	     	        0	     	        0
        0	     	        0	     	        0	     	        0	     	        0
        0	     	        0	     	        0	     	        0	     	        0
        0	     	        0	     	        0	     	        0	     	        0
        0	     	        0	     	        0	     	        0	     	        0
        0	     	        0	     	        0	     	        0	     	        0
        0	     	        0	     	        0	     	        0	     	        0
        0	     	        0	     	        0	     	        0	     	        0
        0	     	        0	     	        0	     	        0	     	        0
        0	     	        0	     	        0	     	        0	     	        0
        0	     	        0	     	        0	     	        0	     	        0
        0	     	        0	     	        0	     	        0	     	        0
        0	     	        0	     	        0	     	        0	     	        0
        0	     	        0	     	        0	     	        0	     	        0
        0	     	        0	     	        0	     	        0	     	        0
        0	     	        0	     	        0	     	        0	     	        0
        0	     	        0	     	        0	     	        0	     	        0
        0	     	        0	     	        0	     	        0	     	        0
        0	     	        0	     	        0	     	        0	     	        0
        0	     	        0	     	        0	     	        0	     	        0
        0	     	        0	     	        0	     	        0	     	        0
        0	     	        0	     	        0	     	        0	     	        0
        0	     	        0	     	        0	     	        0	     	        0
        0	     	        0	     	        0	     	        0	     	        0
