735
715
705
715
735
730
740
725
635
690
575
565
540
530
410
460
470
415
225
198
156
190
145
148
225
97.5
99.5
90
94
75.0
67.0
60.5
49.6
44.5
36.5
31.5
27.8
25.5
21.5
19.0
17.0
15.0
13.5
12.0
10.5
9.45
8.38
7.45
6.60
5.35
5.28
4.60
4.15
3.70
3.3
2.90
2.60
2.30
2.05
1.85
1.65
1.45
1.30
1.15
1.05
9.55e-1
8.60e-1
7.80e-1
7.0e-1
6.30e-1
5.70e-1
5.16e-1
4.70e-1
4.20e-1
3.85e-1
3.50e-1
3.20e-1
2.95e-1
2.70e-1
2.45e-1
2.30e-1
2.20e-1
2.0e-1
1.90e-1
1.80e-1
1.65e-1
1.50e-1
1.45e-1
1.35e-1
1.25e-1
1.20e-1
1.15e-1
1.10e-1
1.05e-1
1.0e-1
9.70e-2
9.30e-2
9.0e-2
8.65e-2
8.35e-2
8.10e-2
7.90e-2
7.70e-2
7.55e-2
7.35e-2
7.10e-2
6.90e-2
6.75e-2
6.55e-2
4.40e-2
6.25e-2
6.20e-2
6.05e-2
5.95e-2
5.85e-2
5.75e-2
5.70e-2
5.5e-2
5.4e-2
5.3e-2
5.3e-2
5.2e-2
5.1e-2
5.1e-2
5.0e-2
5.0e-2
4.9e-25
4.90e-2
4.90e-2
4.80e-2
4.80e-2
4.80e-2
4.75e-2
4.65e-2
4.60e-2
4.55e-2
4.50e-2
4.50e-2
4.40e-2
4.35e-2
4.35e-2
4.30e-2
4.25e-2
4.30e-2
4.20e-2
4.20e-2
4.20e-2
4.15e-2
4.10e-2
4.05e-2
3.95e-2
3.95e-2
3.90e-2
3.90e-2
3.95e-2
3.80e-2
3.80e-2
3.85e-2
3.70e-2
3.70e-2
3.65e-2
3.70e-2
3.65e-2
3.65e-2
3.65e-2
3.65e-2
3.65e-2
3.55e-2
3.55e-2
3.55e-2
3.50e-2
3.50e-2
3.50e-2
3.45e-2
3.50e-2
3.50e-2
3.50e-2
3.40e-2
3.40e-2
3.45e-2
3.40e-2
3.40e-2
3.40e-2
3.35e-2
3.35e-2
3.30e-2
3.35e-2
3.35e-2
3.20e-2
3.20e-2
3.20e-2
3.20e-2
3.15e-2
3.20e-2
3.20e-2
3.20e-2
3.15e-2
3.20e-2
3.15e-2
3.10e-2
3.05e-2
3.05e-2
3.15e-2
3.05e-2
3.05e-2
3.05e-2
3.05e-2
3.0e-2
3.0e-2
2.90e-2
2.95e-2
2.90e-2
2.95e-2
2.90e-2
2.90e-2
2.90e-2 
2.85e-2
2.90e-2
2.85e-2
2.85e-2
2.85e-2
2.80e-2
2.80e-2
2.80e-2
2.80e-2
2.75e-2
2.70e-2
2.75e-2
2.70e-2
2.70e-2
2.70e-2
2.70e-2
2.70e-2
2.70e-2
2.70e-2
2.65e-2
2.65e-2
2.65e-2
2.65e-2
2.65e-2
2.65e-2
2.60e-2
2.60e-2
2.60e-2
2.60e-2
2.55e-2
2.55e-2
2.55e-2
2.55e-2
2.55e-2
2.55e-2
2.55e-2
2.50e-2
2.50e-2
2.50e-2
2.45e-2
2.45e-2
2.45e-2
2.45e-2
2.40e-2
2.40e-2
2.40e-2
2.35e-2
2.40e-2
2.35e-2
2.35e-2
2.35e-2
2.35e-2
2.35e-2
2.35e-2
2.35e-2
2.35e-2
2.35e-2
2.35e-2
2.35e-2
2.35e-2
2.35e-2
2.30e-2
2.30e-2
2.35e-2
2.35e-2
2.30e-2
2.30e-2
2.30e-2
2.30e-2
2.30e-2
2.25e-2
2.25e-2
2.25e-2
2.25e-2
2.25e-2
2.25e-2
2.25e-2
2.25e-2
2.25e-2
2.25e-2
2.25e-2
2.25e-2
2.25e-2
2.30e-2
2.25e-2
2.25e-2
2.25e-2
2.25e-2
2.25e-2
2.25e-2
2.25e-2
2.25e-2
2.25e-2
2.25e-2
2.25e-2
2.20e-2
2.30e-2
2.25e-2
2.25e-2
2.25e-2
2.30e-2
2.25e-2
2.25e-2
2.25e-2
2.30e-2
2.30e-2
2.25e-2
2.25e-2
2.30e-2
2.25e-2
2.25e-2
2.30e-2
2.35e-2
2.35e-2
2.25e-2
2.30e-2
2.40e-2
2.45e-2
2.45e-2
2.45e-2
2.40e-2
2.45e-2
2.50e-2
2.60e-2
2.60e-2
2.65e-2
2.60e-2
2.70e-2
2.70e-2
2.70e-2
2.75e-2
2.75e-2
2.75e-2
2.75e-2
2.75e-2
2.75e-2
2.75e-2
2.75e-2
2.80e-2
2.75e-2
2.75e-2
2.75e-2
2.75e-2
2.75e-2
2.75e-2
2.75e-2
2.70e-2
2.70e-2
2.70e-2
2.70e-2
2.65e-2
2.65e-2
2.65e-2
2.65e-2
2.60e-2
2.60e-2
2.55e-2
2.55e-2
2.55e-2
2.50e-2
2.55e-2
2.50e-2
2.50e-2
2.50e-2
2.55e-2
2.50e-2
2.50e-2
2.50e-2
2.50e-2
2.50e-2
2.45e-2
2.50e-2
2.45e-2
2.45e-2
2.50e-2
2.45e-2
2.40e-2
2.50e-2
2.45e-2
2.45e-2
2.45e-2
2.45e-2
2.40e-2
2.45e-2
2.45e-2
2.45e-2
2.40e-2
2.45e-2
2.45e-2
2.45e-2
2.40e-2
2.40e-2
2.40e-2
2.40e-2
2.40e-2
2.40e-2
2.35e-2
2.40e-2
2.40e-2
2.40e-2
2.40e-2
2.40e-2
2.40e-2
2.40e-2
2.40e-2
2.40e-2
2.40e-2
2.40e-2
2.40e-2
2.40e-2
2.35e-2
2.40e-2
2.40e-2
2.40e-2
2.35e-2
2.40e-2
2.40e-2
2.40e-2
2.40e-2
2.40e-2
2.35e-2
2.40e-2
2.35e-2
2.40e-2
2.35e-2
2.40e-2
2.40e-2
2.35e-2
2.35e-2
2.35e-2
2.40e-2
2.45e-2
2.40e-2
2.45e-2
2.40e-2
2.40e-2
2.40e-2
2.40e-2
2.40e-2
2.35e-2
2.35e-2
2.35e-2
2.35e-2
2.35e-2
2.35e-2
2.35e-2
2.35e-2
2.40e-2
2.35e-2
2.35e-2
2.30e-2
2.35e-2
2.30e-2
2.25e-2
2.25e-2
2.20e-2
2.15e-2
2.15e-2
2.10e-2
2.05e-2
2.0 e-2
1.95e-2
1.90e-2
1.85e-2
1.80e-2
1.70e-2
1.65e-2
1.60e-2
2.53e-4
2.80e-4
2.11e-4
2.38e-4
2.33e-4
2.13e-4
2.11e-4
1.83e-4
1.74e-4
1.60e-4
1.49e-4
1.35e-4
1.27e-4
1.10e-4
9.44e-5
7.65e-5
6.40e-5
5.11e-5
4.34e-5
6.14e-5
4.31e-5
2.07e-5
1.99e-5
1.97e-5
1.87e-5
1.82e-5
1.89e-5
2.09e-5
2.10e-5
2.05e-5
2.05e-5
2.03e-5
2.04e-5
2.01e-5
2.01e-5
1.97e-5
1.95e-5
1.93e-5
1.93e-5
1.94e-5
1.94e-5
1.95e-5
1.94e-5
1.95e-5
1.95e-5
1.97e-5
1.97e-5
1.97e-5
1.97e-5
1.99e-5
1.99e-5
1.99e-5
2.02e-5
2.01e-5
2.04e-5
2.09e-5
2.11e-5
2.13e-5
2.16e-5
2.17e-5
2.18e-5
2.20e-5
2.21e-5
2.22e-5
2.22e-5
2.22e-5
2.24e-5
2.23e-5
2.24e-5
2.26e-5
2.24e-5
2.26e-5
2.24e-5
2.24e-5
2.24e-5
2.26e-5
2.26e-5
2.26e-5
2.26e-5
2.27e-5
2.26e-5
2.27e-5
2.26e-5
2.27e-5
2.26e-5
2.25e-5
2.27e-5
2.26e-5
2.27e-5
2.26e-5
2.26e-5
2.26e-5
2.26e-5
2.26e-5
2.26e-5
2.25e-5
2.24e-5
2.24e-5
2.24e-5
2.24e-5
2.24e-5
2.24e-5
2.24e-5
2.25e-5
2.24e-5
2.24e-5
2.24e-5
2.24e-5
2.23e-5
2.23e-5
2.22e-5
2.23e-5
2.30e-5
2.23e-5
2.22e-5
2.22e-5
2.22e-5
2.22e-5
2.22e-5
2.22e-5
2.22e-5
2.22e-5
2.22e-5
2.22e-5
2.21e-5
2.21e-5
2.21e-5
2.20e-5
2.20e-5
2.20e-5
2.20e-5
2.20e-5
2.20e-5
2.19e-5
2.18e-5
2.18e-5
2.18e-5
2.18e-5
2.17e-5
2.15e-5
2.16e-5
2.16e-5
2.16e-5
2.16e-5
2.16e-5
2.15e-5
2.14e-5
2.14e-5
2.12e-5
2.12e-5
2.12e-5
2.12e-5
2.11e-5
2.10e-5
2.10e-5
2.10e-5
2.27e-5
2.09e-5
2.09e-5
2.08e-5
2.08e-5
2.08e-5
2.08e-5
2.07e-5
2.08e-5
2.06e-5
2.06e-5
2.05e-5
2.05e-5
2.05e-5
2.06e-5
2.03e-5
2.03e-5
2.03e-5
2.03e-5
2.02e-5
2.02e-5
2.01e-5
2.01e-5
2.01e-5
2.02e-5
2.02e-5
2.01e-5
2.01e-5
2.00e-5
1.99e-5
1.99e-5
2.00e-5
2.00e-5
1.99e-5
2.00e-5
2.02e-5
2.03e-5
2.03e-5
2.02e-5
2.04e-5
1.99e-5
1.98e-5
1.99e-5
1.98e-5
1.97e-5
1.96e-5
1.95e-5
1.95e-5
1.95e-5
1.95e-5
1.95e-5
1.95e-5
1.94e-5
1.94e-5
1.94e-5
1.94e-5
1.95e-5
1.94e-5
1.95e-5
1.94e-5
1.94e-5
1.95e-5
1.94e-5
1.98e-5
1.96e-5
1.95e-5
1.94e-5
1.93e-5
1.92e-5
1.91e-5
1.90e-5
1.89e-5
1.90e-5
1.92e-5
1.94e-5
1.93e-5
1.95e-5
1.97e-5
1.98e-5
1.97e-5
1.93e-5
1.91e-5
1.90e-5
1.88e-5
1.88e-5
1.87e-5
1.86e-5
1.86e-5
1.85e-5
1.85e-5
1.85e-5
1.83e-5
1.84e-5
1.83e-5
1.83e-5
1.82e-5
1.81e-5
1.80e-5
1.80e-5
1.80e-5
1.79e-5
1.79e-5
1.78e-5
1.86e-5
1.77e-5
1.77e-5
1.77e-5
1.76e-5
1.75e-5
1.75e-5
1.75e-5
1.75e-5
1.74e-5
1.74e-5
1.73e-5
1.70e-5
1.72e-5
1.72e-5
1.72e-5
1.72e-5
1.72e-5
1.70e-5
1.70e-5
1.70e-5
1.70e-5
1.70e-5
1.69e-5
1.69e-5
1.69e-5
1.69e-5
1.67e-5
1.67e-5
1.67e-5
1.67e-5
1.66e-5
1.65e-5
1.65e-5
1.65e-5
1.64e-5
1.64e-5
1.64e-5
1.64e-5
1.64e-5
1.63e-5
1.63e-5
1.63e-5
1.63e-5
1.64e-5
1.62e-5
1.61e-5
1.61e-5
1.64e-5
1.61e-5
1.61e-5
1.60e-5
1.60e-5
1.60e-5
1.60e-5
1.60e-5
1.59e-5
1.55e-5
1.60e-5
1.59e-5
1.59e-5
1.59e-5
1.60e-5
1.61e-5
