   0.00000000       735.000000    
   3.29999995       715.000000    
   6.59999990       705.000000    
   9.89999962       715.000000    
   13.1999998       735.000000    
   16.5000000       730.000000    
   19.7999992       740.000000    
   23.1000004       725.000000    
   26.3999996       635.000000    
   29.6999989       690.000000    
   33.0000000       575.000000    
   36.2999992       565.000000    
   39.5999985       540.000000    
   42.8999977       530.000000    
   46.2000008       410.000000    
   49.5000000       460.000000    
   52.7999992       470.000000    
   56.0999985       415.000000    
   59.3999977       225.000000    
   62.6999969       198.000000    
   66.0000000       156.000000    
   69.3000031       190.000000    
   72.5999985       145.000000    
   75.9000015       148.000000    
   79.1999969       225.000000    
   82.5000000       97.5000000    
   85.7999954       99.5000000    
   89.0999985       90.0000000    
   92.4000015       94.0000000    
   95.7000046       75.0000000    
   99.0000000       67.0000000    
   102.300003       60.5000000    
   105.599998       49.5999985    
   108.900002       44.5000000    
   112.199997       36.5000000    
   115.500000       31.5000000    
   118.799995       27.7999992    
   122.099998       25.5000000    
   125.399994       21.5000000    
   128.699997       19.0000000    
   132.000000       17.0000000    
   135.300003       15.0000000    
   138.600006       13.5000000    
   141.900009       12.0000000    
   145.199997       10.5000000    
   148.500000       9.44999981    
   151.800003       8.38000011    
   155.100006       7.44999981    
   158.399994       6.59999990    
   161.699997       5.34999990    
   165.000000       5.28000021    
   168.300003       4.59999990    
   171.599991       4.15000010    
   174.899994       3.70000005    
   178.199997       3.29999995    
   181.500000       2.90000010    
   184.800003       2.59999990    
   188.100006       2.29999995    
   191.400009       2.04999995    
   194.699997       1.85000002    
   198.000000       1.64999998    
   201.300003       1.45000005    
   204.600006       1.29999995    
   207.899994       1.14999998    
   211.199997       1.04999995    
   214.500000      0.954999983    
   217.800003      0.860000014    
   221.099991      0.779999971    
   224.399994      0.699999988    
   227.699997      0.629999995    
   231.000000      0.569999993    
   234.299988      0.515999973    
   237.599991      0.469999999    
   240.899994      0.419999987    
   244.199997      0.384999990    
   247.499985      0.349999994    
   250.799988      0.319999993    
   254.099991      0.294999987    
   257.399994      0.270000011    
   260.699982      0.245000005    
   264.000000      0.230000004    
   267.300018      0.219999999    
   270.600006      0.200000003    
   273.899994      0.189999998    
   277.200012      0.180000007    
   280.500000      0.165000007    
   283.800018      0.150000006    
   287.100006      0.144999996    
   290.399994      0.135000005    
   293.700012      0.125000000    
   297.000000      0.119999997    
   300.299988      0.115000002    
   303.600006      0.109999999    
   306.899994      0.104999997    
   310.200012      0.100000001    
   313.500000       9.70000029E-02
   316.799988       9.30000022E-02
   320.100006       9.00000036E-02
   323.399994       8.64999965E-02
   326.699982       8.34999979E-02
   330.000000       8.10000002E-02
   333.299988       7.90000036E-02
   336.600006       7.69999996E-02
   339.899994       7.54999965E-02
   343.199982       7.34999999E-02
   346.500000       7.10000023E-02
   349.799988       6.89999983E-02
   353.099976       6.75000027E-02
   356.399994       6.54999986E-02
   359.699982       4.39999998E-02
   363.000000       6.25000000E-02
   366.299988       6.19999990E-02
   369.600006       6.04999997E-02
   372.900024       5.95000014E-02
   376.200012       5.84999993E-02
   379.500000       5.75000010E-02
   382.800018       5.70000000E-02
   386.100006       5.49999997E-02
   389.399994       5.40000014E-02
   392.700012       5.29999994E-02
   396.000000       5.29999994E-02
   399.299988       5.20000011E-02
   402.600006       5.09999990E-02
   405.899994       5.09999990E-02
   409.200012       5.00000007E-02
   412.500000       5.00000007E-02
   415.799988       4.90000015E-25
   419.100006       4.89999987E-02
   422.399994       4.89999987E-02
   425.700012       4.80000004E-02
   429.000000       4.80000004E-02
   432.299988       4.80000004E-02
   435.600006       4.74999994E-02
   438.899994       4.65000011E-02
   442.199982       4.60000001E-02
   445.500000       4.54999991E-02
   448.799988       4.50000018E-02
   452.099976       4.50000018E-02
   455.399994       4.39999998E-02
   458.699982       4.34999987E-02
   462.000000       4.34999987E-02
   465.299988       4.30000015E-02
   468.599976       4.25000004E-02
   471.899994       4.30000015E-02
   475.199982       4.19999994E-02
   478.500000       4.19999994E-02
   481.799988       4.19999994E-02
   485.099976       4.14999984E-02
   488.399994       4.10000011E-02
   491.699982       4.05000001E-02
   494.999969       3.95000018E-02
   498.299988       3.95000018E-02
   501.599976       3.90000008E-02
   504.899963       3.90000008E-02
   508.199982       3.95000018E-02
   511.499969       3.79999988E-02
   514.799988       3.79999988E-02
   518.099976       3.84999998E-02
   521.399963       3.70000005E-02
   524.699951       3.70000005E-02
   528.000000       3.64999995E-02
   531.300049       3.70000005E-02
   534.600037       3.64999995E-02
   537.900024       3.64999995E-02
   541.200012       3.64999995E-02
   544.500000       3.64999995E-02
   547.799988       3.64999995E-02
   551.100037       3.55000012E-02
   554.400024       3.55000012E-02
   557.700012       3.55000012E-02
   561.000000       3.50000001E-02
   564.299988       3.50000001E-02
   567.600037       3.50000001E-02
   570.900024       3.44999991E-02
   574.200012       3.50000001E-02
   577.500000       3.50000001E-02
   580.799988       3.50000001E-02
   584.100037       3.40000018E-02
   587.400024       3.40000018E-02
   590.700012       3.44999991E-02
   594.000000       3.40000018E-02
   597.299988       3.40000018E-02
   600.599976       3.40000018E-02
   603.900024       3.35000008E-02
   607.200012       3.35000008E-02
   610.500000       3.29999998E-02
   613.799988       3.35000008E-02
   617.099976       3.35000008E-02
   620.400024       3.20000015E-02
   623.700012       3.20000015E-02
   627.000000       3.20000015E-02
   630.299988       3.20000015E-02
   633.599976       3.15000005E-02
   636.900024       3.20000015E-02
   640.200012       3.20000015E-02
   643.500000       3.20000015E-02
   646.799988       3.15000005E-02
   650.099976       3.20000015E-02
   653.399963       3.15000005E-02
   656.700012       3.09999995E-02
   660.000000       3.05000003E-02
   663.299988       3.05000003E-02
   666.599976       3.15000005E-02
   669.899963       3.05000003E-02
   673.200012       3.05000003E-02
   676.500000       3.05000003E-02
   679.799988       3.05000003E-02
   683.099976       2.99999993E-02
   686.399963       2.99999993E-02
   689.700012       2.89999992E-02
   693.000000       2.95000002E-02
   696.299988       2.89999992E-02
   699.599976       2.95000002E-02
   702.899963       2.89999992E-02
   706.199951       2.89999992E-02
   709.500000       2.89999992E-02
   712.799988       2.85000000E-02
   716.099976       2.89999992E-02
   719.399963       2.85000000E-02
   722.699951       2.85000000E-02
   726.000000       2.85000000E-02
   729.299988       2.80000009E-02
   732.599976       2.80000009E-02
   735.899963       2.80000009E-02
   739.200012       2.80000009E-02
   742.500000       2.74999999E-02
   745.800049       2.70000007E-02
   749.100037       2.74999999E-02
   752.400024       2.70000007E-02
   755.700012       2.70000007E-02
   759.000000       2.70000007E-02
   762.299988       2.70000007E-02
   765.600037       2.70000007E-02
   768.900024       2.70000007E-02
   772.200012       2.70000007E-02
   775.500000       2.64999997E-02
   778.799988       2.64999997E-02
   782.100037       2.64999997E-02
   785.400024       2.64999997E-02
   788.700012       2.64999997E-02
   792.000000       2.64999997E-02
   795.299988       2.60000005E-02
   798.599976       2.60000005E-02
   801.900024       2.60000005E-02
   805.200012       2.60000005E-02
   808.500000       2.54999995E-02
   811.799988       2.54999995E-02
   815.099976       2.54999995E-02
   818.400024       2.54999995E-02
   821.700012       2.54999995E-02
   825.000000       2.54999995E-02
   828.299988       2.54999995E-02
   831.599976       2.50000004E-02
   834.900024       2.50000004E-02
   838.200012       2.50000004E-02
   841.500000       2.44999994E-02
   844.799988       2.44999994E-02
   848.099976       2.44999994E-02
   851.400024       2.44999994E-02
   854.700012       2.40000002E-02
   858.000000       2.40000002E-02
   861.299988       2.40000002E-02
   864.599976       2.34999992E-02
   867.899963       2.40000002E-02
   871.200012       2.34999992E-02
   874.500000       2.34999992E-02
   877.799988       2.34999992E-02
   881.099976       2.34999992E-02
   884.399963       2.34999992E-02
   887.700012       2.34999992E-02
   891.000000       2.34999992E-02
   894.299988       2.34999992E-02
   897.599976       2.34999992E-02
   900.899963       2.34999992E-02
   904.199951       2.34999992E-02
   907.500000       2.34999992E-02
   910.799988       2.34999992E-02
   914.099976       2.30000000E-02
   917.399963       2.30000000E-02
   920.699951       2.34999992E-02
   924.000000       2.34999992E-02
   927.299988       2.30000000E-02
   930.599976       2.30000000E-02
   933.899963       2.30000000E-02
   937.199951       2.30000000E-02
   940.500000       2.30000000E-02
   943.799988       2.25000009E-02
   947.099976       2.25000009E-02
   950.399963       2.25000009E-02
   953.699951       2.25000009E-02
   957.000000       2.25000009E-02
   960.299988       2.25000009E-02
   963.599976       2.25000009E-02
   966.899963       2.25000009E-02
   970.199951       2.25000009E-02
   973.499939       2.25000009E-02
   976.799988       2.25000009E-02
   980.099976       2.25000009E-02
   983.399963       2.25000009E-02
   986.699951       2.30000000E-02
   989.999939       2.25000009E-02
   993.299988       2.25000009E-02
   996.599976       2.25000009E-02
   999.899963       2.25000009E-02
   1003.19995       2.25000009E-02
   1006.49994       2.25000009E-02
   1009.79993       2.25000009E-02
   1013.09998       2.25000009E-02
   1016.39996       2.25000009E-02
   1019.69995       2.25000009E-02
   1022.99994       2.25000009E-02
   1026.29993       2.19999999E-02
   1029.59998       2.30000000E-02
   1032.89990       2.25000009E-02
   1036.19995       2.25000009E-02
   1039.50000       2.25000009E-02
   1042.79993       2.30000000E-02
   1046.09998       2.25000009E-02
   1049.39990       2.25000009E-02
   1052.69995       2.25000009E-02
   1056.00000       2.30000000E-02
   1059.30005       2.30000000E-02
   1062.60010       2.25000009E-02
   1065.90002       2.25000009E-02
   1069.20007       2.30000000E-02
   1072.50000       2.25000009E-02
   1075.80005       2.25000009E-02
   1079.10010       2.30000000E-02
   1082.40002       2.34999992E-02
   1085.70007       2.34999992E-02
   1089.00000       2.25000009E-02
   1092.30005       2.30000000E-02
   1095.59998       2.40000002E-02
   1098.90002       2.44999994E-02
   1102.20007       2.44999994E-02
   1105.50000       2.44999994E-02
   1108.80005       2.40000002E-02
   1112.09998       2.44999994E-02
   1115.40002       2.50000004E-02
   1118.70007       2.60000005E-02
   1122.00000       2.60000005E-02
   1125.30005       2.64999997E-02
   1128.59998       2.60000005E-02
   1131.90002       2.70000007E-02
   1135.20007       2.70000007E-02
   1138.50000       2.70000007E-02
   1141.80005       2.74999999E-02
   1145.09998       2.74999999E-02
   1148.40002       2.74999999E-02
   1151.70007       2.74999999E-02
   1155.00000       2.74999999E-02
   1158.30005       2.74999999E-02
   1161.59998       2.74999999E-02
   1164.90002       2.74999999E-02
   1168.20007       2.80000009E-02
   1171.50000       2.74999999E-02
   1174.80005       2.74999999E-02
   1178.09998       2.74999999E-02
   1181.40002       2.74999999E-02
   1184.69995       2.74999999E-02
   1188.00000       2.74999999E-02
   1191.30005       2.74999999E-02
   1194.59998       2.70000007E-02
   1197.90002       2.70000007E-02
   1201.19995       2.70000007E-02
   1204.50000       2.70000007E-02
   1207.80005       2.64999997E-02
   1211.09998       2.64999997E-02
   1214.40002       2.64999997E-02
   1217.69995       2.64999997E-02
   1221.00000       2.60000005E-02
   1224.30005       2.60000005E-02
   1227.59998       2.54999995E-02
   1230.90002       2.54999995E-02
   1234.19995       2.54999995E-02
   1237.50000       2.50000004E-02
   1240.80005       2.54999995E-02
   1244.09998       2.50000004E-02
   1247.40002       2.50000004E-02
   1250.69995       2.50000004E-02
   1254.00000       2.54999995E-02
   1257.30005       2.50000004E-02
   1260.59998       2.50000004E-02
   1263.90002       2.50000004E-02
   1267.19995       2.50000004E-02
   1270.50000       2.50000004E-02
   1273.80005       2.44999994E-02
   1277.09998       2.50000004E-02
   1280.40002       2.44999994E-02
   1283.69995       2.44999994E-02
   1287.00000       2.50000004E-02
   1290.30005       2.44999994E-02
   1293.59998       2.40000002E-02
   1296.90002       2.50000004E-02
   1300.19995       2.44999994E-02
   1303.50000       2.44999994E-02
   1306.79993       2.44999994E-02
   1310.09998       2.44999994E-02
   1313.40002       2.40000002E-02
   1316.69995       2.44999994E-02
   1320.00000       2.44999994E-02
   1323.29993       2.44999994E-02
   1326.59998       2.40000002E-02
   1329.90002       2.44999994E-02
   1333.19995       2.44999994E-02
   1336.50000       2.44999994E-02
   1339.79993       2.40000002E-02
   1343.09998       2.40000002E-02
   1346.40002       2.40000002E-02
   1349.69995       2.40000002E-02
   1353.00000       2.40000002E-02
   1356.29993       2.40000002E-02
   1359.59998       2.34999992E-02
   1362.90002       2.40000002E-02
   1366.19995       2.40000002E-02
   1369.50000       2.40000002E-02
   1372.79993       2.40000002E-02
   1376.09998       2.40000002E-02
   1379.40002       2.40000002E-02
   1382.69995       2.40000002E-02
   1386.00000       2.40000002E-02
   1389.29993       2.40000002E-02
   1392.59998       2.40000002E-02
   1395.89990       2.40000002E-02
   1399.19995       2.40000002E-02
   1402.50000       2.40000002E-02
   1405.79993       2.34999992E-02
   1409.09998       2.40000002E-02
   1412.39990       2.40000002E-02
   1415.69995       2.40000002E-02
   1419.00000       2.34999992E-02
   1422.29993       2.40000002E-02
   1425.59998       2.40000002E-02
   1428.89990       2.40000002E-02
   1432.19995       2.40000002E-02
   1435.50000       2.40000002E-02
   1438.79993       2.34999992E-02
   1442.09998       2.40000002E-02
   1445.39990       2.34999992E-02
   1448.69995       2.40000002E-02
   1452.00000       2.34999992E-02
   1455.29993       2.40000002E-02
   1458.59998       2.40000002E-02
   1461.89990       2.34999992E-02
   1465.19995       2.34999992E-02
   1468.50000       2.34999992E-02
   1471.79993       2.40000002E-02
   1475.09998       2.44999994E-02
   1478.40002       2.40000002E-02
   1481.70007       2.44999994E-02
   1485.00000       2.40000002E-02
   1488.30005       2.40000002E-02
   1491.60010       2.40000002E-02
   1494.90002       2.40000002E-02
   1498.20007       2.40000002E-02
   1501.50000       2.34999992E-02
   1504.80005       2.34999992E-02
   1508.09998       2.34999992E-02
   1511.40002       2.34999992E-02
   1514.70007       2.34999992E-02
   1518.00000       2.34999992E-02
   1521.30005       2.34999992E-02
   1524.59998       2.34999992E-02
   1527.90002       2.40000002E-02
   1531.20007       2.34999992E-02
   1534.50000       2.34999992E-02
   1537.80005       2.30000000E-02
   1541.09998       2.34999992E-02
   1544.40002       2.30000000E-02
   1547.70007       2.25000009E-02
   1551.00000       2.25000009E-02
   1554.30005       2.19999999E-02
   1557.59998       2.15000007E-02
   1560.90002       2.15000007E-02
   1564.20007       2.09999997E-02
   1567.50000       2.05000006E-02
   1570.80005       2.00000000    
   1574.09998       1.95000004E-02
   1577.40002       1.89999994E-02
   1580.70007       1.85000002E-02
   1584.00000       1.79999992E-02
   1587.30005       1.70000009E-02
   1590.59998       1.64999999E-02
   1593.90002       1.60000008E-02
   1597.19995       2.53000006E-04
   1600.49988       2.80000007E-04
   1603.80005       2.11000006E-04
   1607.09985       2.37999993E-04
   1610.40002       2.32999999E-04
   1613.69995       2.13000007E-04
   1617.00000       2.11000006E-04
   1620.29993       1.82999996E-04
   1623.59998       1.74000001E-04
   1626.89990       1.59999996E-04
   1630.19995       1.49000000E-04
   1633.49988       1.34999995E-04
   1636.80005       1.27000007E-04
   1640.09985       1.10000001E-04
   1643.40002       9.43999985E-05
   1646.69995       7.65000004E-05
   1650.00000       6.39999998E-05
   1653.29993       5.10999998E-05
   1656.59998       4.33999994E-05
   1659.89990       6.14000019E-05
   1663.19995       4.31000008E-05
   1666.49988       2.06999994E-05
   1669.80005       1.99000006E-05
   1673.09985       1.97000008E-05
   1676.40002       1.87000005E-05
   1679.69995       1.82000003E-05
   1683.00000       1.89000002E-05
   1686.29993       2.09000009E-05
   1689.59998       2.09999998E-05
   1692.90015       2.04999997E-05
   1696.19995       2.04999997E-05
   1699.50012       2.03000000E-05
   1702.80005       2.04000007E-05
   1706.10010       2.01000003E-05
   1709.40002       2.01000003E-05
   1712.70007       1.97000008E-05
   1716.00000       1.94999993E-05
   1719.30005       1.92999996E-05
   1722.59998       1.92999996E-05
   1725.90002       1.94000004E-05
   1729.19995       1.94000004E-05
   1732.50012       1.94999993E-05
   1735.79993       1.94000004E-05
   1739.10010       1.94999993E-05
   1742.40002       1.94999993E-05
   1745.70007       1.97000008E-05
   1749.00000       1.97000008E-05
   1752.30005       1.97000008E-05
   1755.59998       1.97000008E-05
   1758.90002       1.99000006E-05
   1762.19995       1.99000006E-05
   1765.50012       1.99000006E-05
   1768.79993       2.01999992E-05
   1772.10010       2.01000003E-05
   1775.40002       2.04000007E-05
   1778.70007       2.09000009E-05
   1782.00000       2.11000006E-05
   1785.30005       2.13000003E-05
   1788.59998       2.16000008E-05
   1791.90002       2.16999997E-05
   1795.19995       2.18000005E-05
   1798.50000       2.20000002E-05
   1801.79993       2.20999991E-05
   1805.10010       2.21999999E-05
   1808.39990       2.21999999E-05
   1811.70007       2.21999999E-05
   1815.00000       2.23999996E-05
   1818.30005       2.23000006E-05
   1821.59998       2.23999996E-05
   1824.90002       2.25999993E-05
   1828.19995       2.23999996E-05
   1831.50000       2.25999993E-05
   1834.79993       2.23999996E-05
   1838.10010       2.23999996E-05
   1841.39990       2.23999996E-05
   1844.70007       2.25999993E-05
   1848.00000       2.25999993E-05
   1851.30005       2.25999993E-05
   1854.59998       2.25999993E-05
   1857.90002       2.27000000E-05
   1861.19995       2.25999993E-05
   1864.50000       2.27000000E-05
   1867.79993       2.25999993E-05
   1871.10010       2.27000000E-05
   1874.39990       2.25999993E-05
   1877.70007       2.25000003E-05
   1881.00000       2.27000000E-05
   1884.30005       2.25999993E-05
   1887.59998       2.27000000E-05
   1890.90002       2.25999993E-05
   1894.19995       2.25999993E-05
   1897.50000       2.25999993E-05
   1900.79993       2.25999993E-05
   1904.10010       2.25999993E-05
   1907.39990       2.25999993E-05
   1910.70007       2.25000003E-05
   1914.00000       2.23999996E-05
   1917.30005       2.23999996E-05
   1920.59998       2.23999996E-05
   1923.90002       2.23999996E-05
   1927.19995       2.23999996E-05
   1930.50000       2.23999996E-05
   1933.79993       2.23999996E-05
   1937.09998       2.25000003E-05
   1940.39990       2.23999996E-05
   1943.70007       2.23999996E-05
   1946.99988       2.23999996E-05
   1950.30005       2.23999996E-05
   1953.59998       2.23000006E-05
   1956.90002       2.23000006E-05
   1960.19995       2.21999999E-05
   1963.50000       2.23000006E-05
   1966.79993       2.30000005E-05
   1970.09998       2.23000006E-05
   1973.39990       2.21999999E-05
   1976.70007       2.21999999E-05
   1979.99988       2.21999999E-05
   1983.30005       2.21999999E-05
   1986.59998       2.21999999E-05
   1989.90002       2.21999999E-05
   1993.19995       2.21999999E-05
   1996.50000       2.21999999E-05
   1999.79993       2.21999999E-05
   2003.09998       2.21999999E-05
   2006.39990       2.20999991E-05
   2009.69995       2.20999991E-05
   2012.99988       2.20999991E-05
   2016.30005       2.20000002E-05
   2019.59985       2.20000002E-05
   2022.90002       2.20000002E-05
   2026.19995       2.20000002E-05
   2029.50000       2.20000002E-05
   2032.79993       2.20000002E-05
   2036.09998       2.18999994E-05
   2039.39990       2.18000005E-05
   2042.69995       2.18000005E-05
   2045.99988       2.18000005E-05
   2049.30005       2.18000005E-05
   2052.59985       2.16999997E-05
   2055.89990       2.15000000E-05
   2059.19995       2.16000008E-05
   2062.50000       2.16000008E-05
   2065.79980       2.16000008E-05
   2069.10010       2.16000008E-05
   2072.39990       2.16000008E-05
   2075.69995       2.15000000E-05
   2079.00000       2.13999992E-05
   2082.30005       2.13999992E-05
   2085.59985       2.11999995E-05
   2088.89990       2.11999995E-05
   2092.19995       2.11999995E-05
   2095.50000       2.11999995E-05
   2098.79980       2.11000006E-05
   2102.10010       2.09999998E-05
   2105.39990       2.09999998E-05
   2108.69995       2.09999998E-05
   2112.00000       2.27000000E-05
   2115.30005       2.09000009E-05
   2118.60010       2.09000009E-05
   2121.89990       2.08000001E-05
   2125.20020       2.08000001E-05
   2128.50000       2.08000001E-05
   2131.80005       2.08000001E-05
   2135.10010       2.06999994E-05
   2138.40015       2.08000001E-05
   2141.69995       2.06000004E-05
   2145.00000       2.06000004E-05
   2148.30005       2.04999997E-05
   2151.60010       2.04999997E-05
   2154.89990       2.04999997E-05
   2158.20020       2.06000004E-05
   2161.50000       2.03000000E-05
   2164.80005       2.03000000E-05
   2168.10010       2.03000000E-05
   2171.40015       2.03000000E-05
   2174.69995       2.01999992E-05
   2178.00000       2.01999992E-05
   2181.30005       2.01000003E-05
   2184.60010       2.01000003E-05
   2187.89990       2.01000003E-05
   2191.19995       2.01999992E-05
   2194.50000       2.01999992E-05
   2197.80005       2.01000003E-05
   2201.09985       2.01000003E-05
   2204.40015       1.99999995E-05
   2207.69995       1.99000006E-05
   2211.00000       1.99000006E-05
   2214.30005       1.99999995E-05
   2217.60010       1.99999995E-05
   2220.89990       1.99000006E-05
   2224.19995       1.99999995E-05
   2227.50000       2.01999992E-05
   2230.80005       2.03000000E-05
   2234.09985       2.03000000E-05
   2237.40015       2.01999992E-05
   2240.69995       2.04000007E-05
   2244.00000       1.99000006E-05
   2247.30005       1.97999998E-05
   2250.60010       1.99000006E-05
   2253.89990       1.97999998E-05
   2257.19995       1.97000008E-05
   2260.50000       1.96000001E-05
   2263.80005       1.94999993E-05
   2267.09985       1.94999993E-05
   2270.40015       1.94999993E-05
   2273.69995       1.94999993E-05
   2277.00000       1.94999993E-05
   2280.30005       1.94999993E-05
   2283.60010       1.94000004E-05
   2286.89990       1.94000004E-05
   2290.19995       1.94000004E-05
   2293.50000       1.94000004E-05
   2296.80005       1.94999993E-05
   2300.09985       1.94000004E-05
   2303.40015       1.94999993E-05
   2306.69995       1.94000004E-05
   2310.00000       1.94000004E-05
   2313.30005       1.94999993E-05
   2316.60010       1.94000004E-05
   2319.89990       1.97999998E-05
   2323.19995       1.96000001E-05
   2326.50000       1.94999993E-05
   2329.80005       1.94000004E-05
   2333.09985       1.92999996E-05
   2336.40015       1.92000007E-05
   2339.69995       1.90999999E-05
   2343.00000       1.89999992E-05
   2346.30005       1.89000002E-05
   2349.60010       1.89999992E-05
   2352.89990       1.92000007E-05
   2356.19995       1.94000004E-05
   2359.50000       1.92999996E-05
   2362.80005       1.94999993E-05
   2366.09985       1.97000008E-05
   2369.39990       1.97999998E-05
   2372.69995       1.97000008E-05
   2376.00000       1.92999996E-05
   2379.29980       1.90999999E-05
   2382.60010       1.89999992E-05
   2385.89990       1.87999995E-05
   2389.19995       1.87999995E-05
   2392.50000       1.87000005E-05
   2395.80005       1.85999997E-05
   2399.09985       1.85999997E-05
   2402.39990       1.85000008E-05
   2405.69995       1.85000008E-05
   2409.00000       1.85000008E-05
   2412.29980       1.82999993E-05
   2415.60010       1.84000000E-05
   2418.89990       1.82999993E-05
   2422.19995       1.82999993E-05
   2425.50000       1.82000003E-05
   2428.80005       1.80999996E-05
   2432.09985       1.80000006E-05
   2435.39990       1.80000006E-05
   2438.69995       1.80000006E-05
   2442.00000       1.78999999E-05
   2445.29980       1.78999999E-05
   2448.60010       1.77999991E-05
   2451.89990       1.85999997E-05
   2455.19995       1.77000002E-05
   2458.50000       1.77000002E-05
   2461.80005       1.77000002E-05
   2465.09985       1.75999994E-05
   2468.39990       1.75000005E-05
   2471.69995       1.75000005E-05
   2475.00000       1.75000005E-05
   2478.29980       1.75000005E-05
   2481.60010       1.73999997E-05
   2484.89990       1.73999997E-05
   2488.19995       1.73000008E-05
   2491.50000       1.70000003E-05
   2494.80005       1.72000000E-05
   2498.09985       1.72000000E-05
   2501.39990       1.72000000E-05
   2504.69995       1.72000000E-05
   2508.00000       1.72000000E-05
   2511.29980       1.70000003E-05
   2514.60010       1.70000003E-05
   2517.89990       1.70000003E-05
   2521.19995       1.70000003E-05
   2524.50000       1.70000003E-05
   2527.80005       1.68999995E-05
   2531.09985       1.68999995E-05
   2534.39990       1.68999995E-05
   2537.70020       1.68999995E-05
   2541.00000       1.66999998E-05
   2544.30005       1.66999998E-05
   2547.60010       1.66999998E-05
   2550.90015       1.66999998E-05
   2554.19995       1.66000009E-05
   2557.50000       1.65000001E-05
   2560.80005       1.65000001E-05
   2564.10010       1.65000001E-05
   2567.39990       1.63999994E-05
   2570.70020       1.63999994E-05
   2574.00000       1.63999994E-05
   2577.30005       1.63999994E-05
   2580.60010       1.63999994E-05
   2583.90015       1.63000004E-05
   2587.19995       1.63000004E-05
   2590.50000       1.63000004E-05
   2593.80005       1.63000004E-05
   2597.10010       1.63999994E-05
   2600.39990       1.61999997E-05
   2603.69995       1.61000007E-05
   2607.00000       1.61000007E-05
   2610.30005       1.63999994E-05
   2613.59985       1.61000007E-05
   2616.90015       1.61000007E-05
   2620.19995       1.60000000E-05
   2623.50000       1.60000000E-05
   2626.80005       1.60000000E-05
   2630.10010       1.60000000E-05
   2633.39990       1.60000000E-05
   2636.69995       1.58999992E-05
   2640.00000       1.54999998E-05
   2643.30005       1.60000000E-05
   2646.59985       1.58999992E-05
   2649.90015       1.58999992E-05
   2653.19995       1.58999992E-05
   2656.50000       1.60000000E-05
   2659.80005       1.61000007E-05
